152 11.5173806249243
0 1.48956410637793
1 1.47432351256531
2 1.45203755996639
3 1.56351215758543
4 1.41793229388351
5 1.44657967397414
6 1.58091991179901
7 1.52673621710193
8 1.8039371897236
9 1.76857720611445
10 1.81506240363073
11 1.67348726674235
12 1.82170887101786
13 1.7829341249111
14 1.6795448488356
15 1.94337783546803
16 1.81998500614985
17 2.07327848634514
18 1.97320679670598
19 2.06885848418309
20 2.02891888352836
21 1.77417254801135
22 1.73297534598624
23 1.70010139744429
24 1.80227993039788
25 2.09029928981784
26 1.93273727166059
27 1.98267303848737
28 1.97515584813295
29 2.23580489487168
30 1.91296608897902
31 1.92918973477799
32 2.15852405592828
33 1.83547871056729
34 2.08058656845516
35 2.34438339866959
36 2.01697891518233
37 2.326971185363
38 2.44802174462397
39 2.26155209528051
40 2.36536772605592
41 2.35712193343329
42 2.38949147327675
43 2.37460473478475
44 2.36628767188069
45 2.19538143966025
46 2.3913140222656
47 2.57102734696744
48 2.49755977985319
49 2.85244642092178
50 2.48070758016224
51 2.64544185947669
52 2.76405314860786
53 2.86763885340887
54 2.76561725830711
55 2.52091799325173
56 2.69445317402719
57 2.39068986734994
58 2.6984505951081
59 2.45535490035174
60 2.52365058974313
61 2.67333343242024
62 2.90005148473508
63 2.7529272884227
64 2.74962314632961
65 2.99033638662917
66 3.30391862963512
67 3.1013003603032
68 3.37756302704778
69 3.16542536391766
70 3.37739913168425
71 3.38240521124583
72 3.2595957248872
73 3.25102135055253
74 3.02126349417225
75 3.37985186505956
76 3.08623187998953
77 3.92732654613797
78 3.39624862728181
79 3.49658913568146
80 3.61549034994145
81 3.73465802772025
82 3.81481713457127
83 4.75349477825448
84 4.03030283587362
85 4.49032695245462
86 4.62875403073748
87 4.56407711693088
88 4.55390817769804
89 5.51966543357038
90 4.28774165508686
91 4.62297211035099
92 4.8722014815801
93 4.91262547094644
94 5.08141970040891
95 4.79358789535569
96 5.15471555558909
97 5.93314491628444
98 5.45230440737455
99 6.93624158986823
100 6.12750329843766
101 6.29653543567915
102 5.3756910517036
103 5.92321664414433
104 7.76108905777759
105 8.34318583195989
106 8.11280831159965
107 6.97939065424404
108 8.47062199814084
109 9.38928587223954
110 10.4282645304654
111 9.69232132828327
112 10.8367572290275
113 12.1065654926903
114 11.431078031368
115 12.6536616140615
116 12.9318621279123
117 12.6694450647069
118 13.0657938315047
119 13.1787924053592
120 13.2057887759148
121 12.7344413138662
122 12.6847087456716
123 12.75853526601
124 12.7900060169682
125 12.762754688528
126 12.7025108014773
127 12.6528339741176
128 12.7116873260805
129 12.2479540042491
130 12.3897076885704
131 12.3644673635398
132 12.3691120218659
133 12.3084577887599
134 12.2810242836799
135 12.2125647735334
136 12.3480262118069
137 12.0451706703221
138 11.7499356857565
139 11.8094070730039
140 11.9319491241414
141 11.879900484992
142 11.9117758062932
143 11.9882267215477
144 11.9789750867151
145 11.677757629651
146 11.6026923199956
147 11.5708059639849
148 11.5714833976072
149 11.4529665256526
150 11.5868203525736
151 11.6222197268838
152 11.5173806249243
153 11.2413651027367
154 11.2066862977487
155 11.1998948642842
156 11.1829093313518
157 11.2729761466683
158 11.2263816819945
159 11.2072572190533
160 11.264828053935
161 10.8833360838205
162 10.8501885876217
163 10.897892954949
164 10.9427813494041
165 10.8469868998956
166 10.8840116382704
167 10.8957623465639
168 10.9023437190232
169 10.6083674311031
170 10.6354210951445
171 10.6430935095435
172 10.6345423652475
173 10.6442333190985
174 10.6038152805646
175 10.6131818165929
176 10.5641987435298
177 10.380208568702
178 10.4171196109513
179 10.3507148133286
180 10.2524486717203
181 10.3211313633167
182 10.2583229551274
183 10.315413566885
184 10.338349740199
185 10.1022915029901
186 10.0653466541895
187 10.1210005407395
188 10.0602188706613
189 10.0085783164216
190 10.036485672845
191 9.9890013877662
192 9.99228883216044
193 9.76201633015137
194 9.79692732738088
195 9.76224535530348
196 9.74365407785251
197 9.71833028106438
198 9.74553400177293
199 9.75957314378667
200 9.72942075199411
201 9.53103851291977
202 9.5596190054586
203 9.56116831360452
204 9.56083697367401
205 9.57430433945854
206 9.53754142056769
207 9.59292187220031
208 9.5067605680274
209 9.30039112242977
210 9.30200148727351
211 9.32888475489625
212 9.34614784887785
213 9.33944432755256
214 9.32462942350141
215 9.32611954149398
216 9.27517432546086
217 9.04788006182655
218 9.07423858750405
219 9.05090604055236
220 9.09591893959384
221 9.08751859339438
222 9.09050007659441
223 9.06538807816685
224 9.05848247751804
225 8.88496652920196
226 8.89250006532559
227 8.88446325475783
228 8.87295540071741
229 8.86018775616283
230 8.85389773298189
231 8.83831185502923
232 8.81108763931448
233 8.63703261038305
234 8.65596149776942
235 8.66994946217486
236 8.65948970289363
237 8.67146251733089
238 8.64660263712685
239 8.64226277382748
240 8.60722037597386
