137 9.65013723407596
0 1.49173434865483
1 1.6605648622562
2 1.67065312380311
3 1.71444149398726
4 1.69093719315181
5 1.81144749335158
6 1.76712536570233
7 1.75885972469957
8 1.69496024455394
9 1.81721225820177
10 1.85730426143378
11 1.83850364949947
12 1.85477069752525
13 1.94905313480507
14 1.95369900555166
15 1.9485774920323
16 2.0382670270735
17 2.10069543225823
18 2.27915645082295
19 2.00929920034767
20 1.70746612838537
21 1.57828073884172
22 1.66381514857451
23 1.5418393680231
24 1.80563425405463
25 2.1958493937495
26 1.79703690499215
27 1.80385642740473
28 1.9594431850536
29 1.77402952823051
30 1.86731922502709
31 1.9454891608299
32 2.03948590551413
33 2.12663013291361
34 2.50782794722491
35 2.20746637375348
36 2.4120642914055
37 2.36327014374199
38 2.11779809459204
39 2.24302211521282
40 2.09743014787881
41 2.16455406083467
42 2.1958370193399
43 2.17179742462463
44 2.14912188762806
45 2.45388918611873
46 2.33478561856034
47 2.72158984760403
48 2.89162341916578
49 2.72861215835975
50 2.27873003434092
51 2.53966984186548
52 2.58635896104273
53 2.43418299055823
54 2.42717500957085
55 2.51517138750828
56 2.7213399704938
57 2.67203577053463
58 2.97774627300179
59 2.90100146905769
60 3.26555505260458
61 3.32904708409676
62 2.94180467200433
63 3.11996654914482
64 3.4043343631843
65 3.08401383010357
66 3.76949515764886
67 3.16167317024973
68 3.22797009543267
69 2.97914268710374
70 3.21021515267312
71 3.55020405088748
72 3.6315115172088
73 3.80026658404883
74 3.79893548438318
75 3.79051015599769
76 3.88704961296044
77 4.09898989964652
78 3.87353993033223
79 4.04755519378476
80 4.0640790457312
81 4.54023521197581
82 4.32398882865625
83 3.9288668435297
84 3.98470049430526
85 4.35781148949792
86 4.82051592968864
87 4.20430112124939
88 4.51804948079196
89 4.99462493028285
90 5.48995263548005
91 5.1171286209128
92 4.67040785738932
93 5.32252917814542
94 5.77854500438335
95 5.13562925221011
96 5.26892732612104
97 6.43488995724133
98 5.88052196029268
99 7.90828907538785
100 6.29073818971329
101 7.8089770687032
102 7.79399873724582
103 7.51413472489754
104 6.46908639457125
105 7.56844292724121
106 8.52856961826059
107 7.86296433081517
108 7.89622799324176
109 9.69910794136114
110 10.7158041662772
111 9.90621529286843
112 8.50535338171232
113 9.64090096657724
114 10.3248072217358
115 10.0544765692423
116 10.569809012204
117 10.3821127160187
118 10.1982465738427
119 10.5328081466479
120 10.526643103805
121 10.4150767233912
122 10.2144312762182
123 10.25534247254
124 10.2147762134262
125 10.1121970463622
126 10.2078604419471
127 9.96572090726378
128 10.1387151964819
129 9.94838566451478
130 9.93166696812136
131 9.92936589945132
132 9.95414745207401
133 9.67222063604432
134 9.60088203479967
135 9.60973855378483
136 9.68955167328024
137 9.65013723407596
138 9.68059522711526
139 9.39718353695759
140 9.36141571563789
141 9.39131475585863
142 9.4398046498018
143 9.33913456074661
144 9.39171380511996
145 9.23299045854982
146 9.14466970844652
147 9.1542018355775
148 9.1547499367544
149 9.14950611509732
150 9.17103398212235
151 8.89821043293553
152 8.85969099536547
153 8.902373364538
154 8.91816255171212
155 8.89472959779026
156 8.90344628588486
157 8.73429961650984
158 8.70145203856631
159 8.73614105239889
160 8.66105584505518
161 8.68195250228717
162 8.70703948272672
163 8.53839679154727
164 8.51721431051447
165 8.48286842364993
166 8.48714871389039
167 8.45274563853065
168 8.47514524168746
169 8.30842300117317
170 8.29565039456273
171 8.26745801611328
172 8.24077145195003
173 8.27029126086255
174 8.26418532246803
175 8.13115256972948
176 8.08646195337688
177 8.09731727941607
178 8.05582694894396
179 8.08953110880531
180 8.02542711424428
181 7.92711527878068
182 7.91405770512047
183 7.91396611476916
184 7.90956473309766
185 7.91643540262336
186 7.87740316749618
187 7.76798398951435
188 7.75701632620125
189 7.73007559708457
190 7.7139395123382
191 7.68018336700345
192 7.69762921768786
193 7.56158023053734
194 7.56842676797631
195 7.53965737940626
196 7.55466591356499
197 7.56016201498071
198 7.54839531300865
199 7.40763479786904
200 7.39670939670175
201 7.41764708237718
202 7.38100725382107
203 7.39501651785753
204 7.37109315699767
205 7.25403987058114
206 7.26351121793036
207 7.25312491497473
208 7.2609040161715
209 7.22721082911539
210 7.24058410858879
211 7.08531554010914
212 7.09058891368629
213 7.11214639590748
214 7.09286915444927
215 7.06119679659133
216 7.04372593826378
217 6.9320557364221
218 6.93951651399445
219 6.96216477554668
220 6.96402206280009
221 6.94743031259358
222 6.93230385787121
223 6.81935449615484
224 6.82191533637821
225 6.79640668351419
226 6.82831295484713
227 6.79098713298346
228 6.79284342015484
229 6.69703761168283
230 6.6886728289494
231 6.69421976166648
232 6.67795301793255
233 6.64540563697491
234 6.66250833961305
235 6.53918483488276
236 6.56641441512669
237 6.56455882339251
238 6.56520641946526
239 6.52153800113363
240 6.4866471667504
