102 5.59752570163767
0 1.43057585501315
1 1.62098992851455
2 1.4542022307674
3 1.6720208331751
4 1.62391280955018
5 1.46246737737698
6 1.62068842434641
7 1.51418985039046
8 1.68261564452767
9 1.73032478039928
10 1.77126531093615
11 1.79735916999464
12 1.78224629310863
13 1.65218518745031
14 1.7130960424779
15 1.72339245927151
16 1.79552973842122
17 1.74297229717719
18 1.79029641399064
19 1.78802392223454
20 2.01177141098969
21 1.86785811974355
22 2.00470146309142
23 2.08380308833928
24 2.00810623204528
25 2.03259575407979
26 2.0324407168928
27 1.99567589595589
28 1.90068606790108
29 2.01767576512963
30 2.20580530988192
31 2.24615128373704
32 2.24120111931314
33 2.20600643999901
34 2.25492300219911
35 2.31127398091451
36 2.22815136471874
37 2.20608986789203
38 2.27102494636218
39 2.21740971905298
40 2.29105398811398
41 2.32814961945509
42 2.38079853669081
43 2.45252425607023
44 2.50880192525789
45 2.56433425239551
46 2.38398111608782
47 2.48367059054725
48 2.56863093745767
49 2.76922587732909
50 2.64255261055899
51 2.48300502751693
52 2.3472848274944
53 2.30507403473145
54 2.27363094861345
55 2.51183243116257
56 2.2291345003806
57 2.42884717778172
58 2.35823361783406
59 2.44910136033075
60 2.58685252802619
61 2.97263246717246
62 2.43752084927004
63 2.35006492540252
64 2.33021521738215
65 2.24867667070391
66 2.55145280045729
67 2.80882005516042
68 2.64459317567054
69 2.77959750675119
70 3.16580138494413
71 2.68636905960056
72 2.90321445057696
73 3.33076698723831
74 2.8354163661702
75 2.79257267871107
76 2.76648104459762
77 3.25756344718797
78 3.00057640829693
79 3.02514642872272
80 3.06168583495973
81 3.39599162132528
82 3.46006983325395
83 2.86342822484829
84 3.20598046529317
85 3.33981479833382
86 3.76665014122823
87 3.46634763757733
88 4.15522292754992
89 4.48343382518667
90 4.69415987062744
91 4.58208383621969
92 4.4415913780329
93 3.32346160693477
94 3.9254179568602
95 4.15387555521486
96 3.73687721648831
97 5.28515601454978
98 3.64270743328966
99 4.85711596077122
100 4.63046990789005
101 5.04595564922617
102 5.59752570163767
103 5.34175119139318
104 5.89955857815382
105 6.49164172665977
106 5.78188086193698
107 5.78805083766586
108 6.34965496529494
109 6.08013908624492
110 6.20097510539823
111 5.78648726049545
112 4.61322508454697
113 5.56164488283099
114 5.86851322360075
115 5.59917405750271
116 5.87288194107432
117 5.83761153739963
118 5.84494661654702
119 5.83774628487692
120 5.47163769367475
121 5.76250974860439
122 5.75022254741056
123 5.74773260196938
124 5.65652876596841
125 5.71069551638104
126 5.65389758175957
127 5.57128688329143
128 5.60333453092388
129 5.58864751554212
130 5.44152526687392
131 5.45338359588224
132 5.49421509737997
133 5.4065890491812
134 5.37646765567767
135 5.36926018685025
136 5.31919876192924
137 5.28846968404479
138 5.30449614437204
139 5.22221673905365
140 5.24407216666731
141 5.21826477541996
142 5.19382952476173
143 5.12314014501557
144 5.14650962037305
145 5.05681457566535
146 5.0668875828712
147 5.04103097292844
148 5.03648600715652
149 4.94938425172895
150 4.96124677920708
151 4.89591100489029
152 4.88193063080359
153 4.92211691054037
154 4.83985654741449
155 4.81237419950493
156 4.86015936588631
157 4.78469738429147
158 4.78215828051616
159 4.77418862985819
160 4.69100969904888
161 4.69942087126773
162 4.70934911268949
163 4.65528257903818
164 4.62130395728929
165 4.6234767190468
166 4.59304880466999
167 4.58031228915663
168 4.56346255429412
169 4.52361336505181
170 4.50762587351093
171 4.52759273685949
172 4.46068107543201
173 4.4421095505636
174 4.46066314355295
175 4.39327188755415
176 4.3898997622496
177 4.38934013952826
178 4.33291024132221
179 4.32801151177591
180 4.3024981998902
181 4.28135821012745
182 4.26598090178162
183 4.28308008289835
184 4.21725577217188
185 4.22164430786492
186 4.23332313518679
187 4.19134317196093
188 4.15773515910309
189 4.17521293572085
190 4.11366685652368
191 4.09840913448735
192 4.08840519867548
193 4.05825426543373
194 4.06481501792669
195 4.0688959854155
196 4.01448843298599
197 4.01433191925039
198 4.02369595656379
199 3.97658996905617
200 3.95575846552674
201 3.96366189714928
202 3.91938020422516
203 3.89628123685468
204 3.92883134831915
205 3.87654389281323
206 3.87473304888445
207 3.87067298518426
208 3.835077262905
209 3.80627456718068
210 3.83716851313171
211 3.78316699201741
212 3.75692879199585
213 3.79171554139274
214 3.75200441233095
215 3.73139682473986
216 3.74002623445746
217 3.69551790580031
218 3.70615694962018
219 3.68633153783253
220 3.67759824792799
221 3.67064673218422
222 3.66268113192139
223 3.62328002049235
224 3.60851747545517
225 3.622723018507
226 3.57547864905305
227 3.55836675454068
228 3.58038249171001
229 3.5435293367008
230 3.54217209555024
231 3.5367888951166
232 3.50857786677062
233 3.49554958622627
234 3.47717879259379
235 3.46931748974842
236 3.46460512093668
237 3.47252872056882
238 3.43312648581842
239 3.41977684344905
240 3.41930040237273
