146 10.5084929493148
0 1.56080967740434
1 1.71504478831115
2 1.55907634951701
3 1.59148295934756
4 1.62933349117181
5 1.68706464173217
6 1.76848776077589
7 1.7590909251854
8 1.7057744498737
9 1.89660526635192
10 1.7093991073058
11 1.62679403271465
12 1.74897791320892
13 1.84513587955771
14 1.82894583670799
15 1.88682540682068
16 1.97750424327266
17 2.05677324095678
18 1.83878835330711
19 1.91895616000688
20 1.81367217977629
21 1.64818369241157
22 1.86787772477479
23 1.88134458502415
24 1.8924502854213
25 2.18687439337803
26 1.91873382813578
27 2.30071125503508
28 2.13554307920902
29 2.17317773972608
30 2.20734875307351
31 2.12437099617255
32 2.1610561946268
33 2.3763582646954
34 2.2934056043835
35 2.3440403649235
36 2.37071352841378
37 2.37255770430021
38 2.41901449107199
39 2.20969540517841
40 2.29020653951949
41 2.48299852175941
42 2.52546356410963
43 2.51518534617145
44 2.35998266214772
45 2.31548248526645
46 2.54434537265177
47 2.57748568908235
48 2.34446371638746
49 2.4911179578156
50 2.37029110519261
51 2.45975158844762
52 2.4209432786204
53 2.67877724376391
54 2.91617024250106
55 2.79710703783349
56 2.84052744809181
57 2.88071105561475
58 2.83484787407941
59 2.62332835506509
60 3.19398041165341
61 3.25866384907066
62 3.20610905391233
63 2.97940863683028
64 2.85144039313554
65 2.95076086280118
66 3.43230657981824
67 3.39046606953089
68 3.58400343984121
69 3.2143838378206
70 3.33076988006696
71 3.32729372345507
72 3.54960619138382
73 3.72326415723038
74 3.73161581924042
75 3.8610751706027
76 3.92349258345593
77 3.92664287698563
78 3.71507028020648
79 3.88587972984924
80 4.14109380862707
81 4.07004883788912
82 4.1909419225616
83 3.84661502462756
84 4.1988823016444
85 4.53597602630241
86 3.44552402438984
87 3.66648454437205
88 3.81590646747775
89 4.36187959538466
90 4.94835501992875
91 4.89618065987389
92 5.36886557881513
93 4.98252044477566
94 5.36526070372789
95 5.47222467574447
96 5.60349502066279
97 6.58979342532797
98 5.37280595160145
99 6.18919276459282
100 7.04316416259625
101 8.00155090350122
102 6.61387215935253
103 7.32838672846183
104 7.52783995627287
105 9.48647428594987
106 7.74117549707082
107 7.11238914111215
108 8.67134590686414
109 10.396897492949
110 10.1496734067301
111 9.13639346534348
112 10.767260829571
113 11.8802573146097
114 11.36750851268
115 9.75432784887025
116 11.830367792725
117 11.5097566193418
118 11.9791175369584
119 11.3736729005116
120 11.6235762348488
121 11.6522519640845
122 11.4277414622495
123 11.5733329624895
124 11.4803731035147
125 11.490216622996
126 11.5431795721206
127 11.2340712321558
128 11.1397996105303
129 11.1661212553886
130 11.1064625423712
131 11.1471932313935
132 11.1477586754267
133 11.1751784219161
134 10.8068692594613
135 10.8735523035578
136 10.8410173207656
137 10.7867634254316
138 10.8784193467019
139 10.8836070180461
140 10.8862137331063
141 10.5011681714334
142 10.5857061681291
143 10.5567453169314
144 10.484381779699
145 10.5860506624363
146 10.5084929493148
147 10.4740607498394
148 10.2954353133603
149 10.2709207612031
150 10.2349328881434
151 10.1733586062373
152 10.2177995473317
153 10.2486953697537
154 10.206697630124
155 9.98775434146334
156 9.93917849643985
157 10.0007321824472
158 9.84779449590418
159 9.94484426096493
160 9.92616314169215
161 9.95128278798864
162 9.7191499646573
163 9.62804079168648
164 9.62114375739032
165 9.67978360520153
166 9.66749133467639
167 9.60972362700751
168 9.68843223111631
169 9.40731820108039
170 9.37874990019316
171 9.42024149938922
172 9.45530354628053
173 9.41034391885352
174 9.42882995968321
175 9.45317551858598
176 9.23073249936036
177 9.16493272081003
178 9.164434627601
179 9.21829184272116
180 9.2003820525645
181 9.10783608833576
182 9.17078799561963
183 9.00520248818509
184 9.03004324680255
185 8.97082307719025
186 8.96129875589469
187 8.90231874033695
188 8.96176570448195
189 8.94419547561493
190 8.7447222298193
191 8.77324008655536
192 8.76655484996985
193 8.66456714074173
194 8.71412180235799
195 8.72853854080178
196 8.66003860018031
197 8.50083002148741
198 8.49092988940467
199 8.54170173032101
200 8.49047312117079
201 8.49739377976143
202 8.48221273117652
203 8.55013887031699
204 8.31108911052456
205 8.26383957601957
206 8.319108162706
207 8.28681929039225
208 8.33498270238658
209 8.35608128703789
210 8.32520223602013
211 8.10499023172417
212 8.12394939721147
213 8.14905347213641
214 8.09178468174445
215 8.14320455346579
216 8.07880650925516
217 8.11864689988372
218 7.94151785917559
219 7.95647548970024
220 7.9631638492446
221 7.94946434539367
222 7.96055603577242
223 7.96338925426708
224 7.93181893446508
225 7.78401494353384
226 7.74106931487157
227 7.73335095288255
228 7.74213867158446
229 7.73303889465453
230 7.76107482092612
231 7.69991099359178
232 7.59518296836484
233 7.5985560215321
234 7.60501292914171
235 7.60770396569477
236 7.60229647506861
237 7.58565889813547
238 7.56636733235869
239 7.45487841676607
240 7.46501814169594
