144 13.2429495209063
0 1.51952917925438
1 1.76013627981976
2 1.66361504849228
3 1.63477593817882
4 1.6730248825079
5 1.37297064710231
6 1.50252671744797
7 1.71422825696813
8 1.75368935944018
9 1.70207376899209
10 1.62341492806961
11 1.56555405571464
12 1.69337787663225
13 1.68162404233209
14 1.50122716569563
15 1.59973341899446
16 1.75530544261721
17 2.07346672172293
18 1.87487481130781
19 2.04469142779767
20 1.91127234892092
21 1.92225844685029
22 1.89433298229182
23 1.90089163518528
24 1.95815956267591
25 1.93546059445549
26 2.04534338424186
27 1.99998279332088
28 1.99764728982483
29 2.21865253364536
30 1.90929090766742
31 1.97645939150263
32 2.06335610548581
33 1.7466828256248
34 1.93505778836091
35 1.83824371545626
36 1.91181698956699
37 2.15552408969117
38 2.25788305158684
39 2.29567917909771
40 2.41363131915528
41 2.58306172276587
42 2.52395280610894
43 2.58329252849413
44 2.66797523066113
45 2.56603514919132
46 2.24569063863182
47 2.43320288907473
48 2.65483010727921
49 2.73157801693921
50 2.47240860286289
51 2.47390020770862
52 2.71742299080675
53 2.99321607408536
54 2.91317195069775
55 2.64135679177072
56 2.7817774070869
57 2.55000353520045
58 2.68905213913552
59 2.59314377193527
60 2.8525353458766
61 2.73457047880617
62 2.88030635297863
63 2.87815067899934
64 3.26839357933857
65 2.86845993622673
66 3.62788875470914
67 3.31313334726145
68 3.32366762624932
69 3.49276209433848
70 3.53121959101942
71 3.778956761268
72 3.52466148873082
73 3.87454415986684
74 3.55811960894955
75 3.59815563157955
76 3.7698797691771
77 3.95928111925905
78 3.80997174112781
79 3.90049280354653
80 4.26746680857149
81 4.33831216169773
82 3.9818593409277
83 4.77245323990928
84 4.54182187539217
85 4.5671132918696
86 4.29944971197113
87 4.83125462231422
88 5.36225603276504
89 5.4793374918909
90 5.1156076116974
91 4.5678467176169
92 5.32383678783296
93 5.67640984301852
94 5.46466974647307
95 5.33569086111351
96 5.36403121097489
97 6.29749810638951
98 6.51866324673849
99 7.02834320976715
100 6.55895031544684
101 6.98912614902563
102 6.97694702486798
103 7.28693044101968
104 7.43432949661491
105 7.63966291160059
106 7.61738057027874
107 8.71392368382371
108 9.07386317275832
109 8.39842650288699
110 9.74652442822718
111 8.80559634133878
112 10.4823383989603
113 11.210967613521
114 10.608775699705
115 10.3954532584249
116 12.1819124332795
117 12.6369072740978
118 12.1838991459609
119 13.0540870184069
120 13.7362278381632
121 14.0217658816194
122 13.9080706404869
123 14.1792116192585
124 14.1821388230913
125 13.9582830550714
126 13.88541883278
127 13.5326355095567
128 13.4447211374383
129 13.5606295093195
130 13.6468793438173
131 13.5152668845258
132 13.4147105028039
133 13.5548753631116
134 13.4825673708225
135 13.6553406997928
136 13.1859584565614
137 13.0217760324586
138 13.2180592477799
139 12.8333803750475
140 13.0774799345801
141 13.0858912867623
142 13.0820852276872
143 13.1991468075679
144 13.2429495209063
145 12.6191340575075
146 12.5113528319178
147 12.6545360026514
148 12.7249672191316
149 12.6369705873817
150 12.6197251259084
151 12.2969119757171
152 12.4949453663318
153 12.7506620742579
154 12.2328521438468
155 12.1975815396082
156 12.1950657964411
157 12.2720369191352
158 12.2049108025223
159 12.2739708972379
160 12.2985793266887
161 12.2776112770377
162 12.3045610634562
163 12.0120177654115
164 11.9325047097811
165 11.3621435046026
166 11.8439611460059
167 11.8952344109703
168 11.8469470165859
169 11.7853278425275
170 11.9496997807135
171 11.964986189346
172 11.5172626990063
173 11.5517686362148
174 11.5758714861315
175 11.5583531267095
176 11.6244859008223
177 11.519857020075
178 11.5436633725168
179 11.5827124082389
180 11.5852384705772
181 11.2000811724077
182 11.1877992624359
183 11.1810366041383
184 11.2211887739142
185 11.2606371858544
186 11.2322409706505
187 11.2833484024891
188 11.2934388838004
189 11.3347661161492
190 10.9413412154023
191 10.9129722256188
192 10.9375201622029
193 10.9617927023248
194 10.8859967001025
195 11.0012105947744
196 11.0256451676412
197 10.9305468153512
198 10.956709827677
199 10.6317901814407
200 10.6105539823931
201 10.6710464113385
202 10.6538536788337
203 10.6716547096762
204 10.6591462029675
205 10.6499664709011
206 10.6620635542585
207 10.6706607690962
208 10.3215636336124
209 10.3582358899475
210 10.2980435818347
211 10.3669031665516
212 10.3530335855019
213 10.3570349696577
214 10.3583602348879
215 10.435216921103
216 10.4216411979476
217 10.152339726165
218 10.0918480898398
219 10.1112504859338
220 10.0360007700857
221 10.0813967999762
222 10.1162870199987
223 10.1109937243606
224 10.1198666464265
225 10.0553562526779
226 9.8713723505597
227 9.842803047899
228 9.81110403048418
229 9.87361866743967
230 9.75914483687971
231 9.86279021283831
232 9.89756083837695
233 9.87889976750655
234 9.8921499478728
235 9.65119401157753
236 9.61884590666232
237 9.60668600730396
238 9.60686304818227
239 9.65506847424891
240 9.47608067305343
