1 3.25233576725379 68 3.51190105900235 62 2.13782971863486 120
2 4.48946729522721 106 4.81877945612516 97 3.26389143991186 160
3 5.59752570163767 102 6.49164172665977 105 4.3024981998902 180
4 7.08170000139089 112 7.78924334901271 114 5.426796540577 192
5 8.84494668588876 125 9.22998052472571 113 6.36517033682068 200
6 9.65013723407596 137 10.7158041662772 110 7.37109315699767 204
7 10.5084929493148 146 11.9791175369584 118 8.32520223602013 210
8 11.5173806249243 152 13.2057887759148 120 9.5067605680274 208
9 13.2429495209063 144 14.1821388230913 124 10.4216411979476 216
10 8.46304461217805 164 10.571214853659 118 7.2613161349095 210
