68 3.25233576725379
0 1.52352925393673
1 1.56489419423621
2 1.52026560484089
3 1.53953848609857
4 1.51420666388471
5 1.43513108530532
6 1.41231860393829
7 1.45876632220995
8 1.71829771724851
9 1.65962367178756
10 1.81142917007379
11 1.63892777321369
12 1.70253970575861
13 1.67736493227911
14 1.7224647006624
15 1.61158871957366
16 1.75760092282046
17 1.93743179737731
18 1.92102034231949
19 1.97088898498168
20 1.93242216504415
21 1.9349226967525
22 1.96957108474306
23 1.99791919561241
24 2.0725837896116
25 1.87174186873106
26 2.10137454798869
27 2.13276632428153
28 2.28777539609933
29 2.31156767079511
30 2.32228542365448
31 2.28473761027601
32 2.27970511175384
33 2.11937557991575
34 2.43508181391536
35 2.02415339879215
36 2.39855706093555
37 2.23553085637079
38 2.10306628123024
39 2.22220568127265
40 2.37069391973633
41 2.36533150105618
42 2.40696257963633
43 2.24191436737441
44 2.59875782391454
45 2.53695465498606
46 2.71808493452923
47 2.47786334890288
48 2.79976587180747
49 2.63898259649355
50 2.5551909948407
51 2.90575391782557
52 2.53163483598452
53 2.54113281541287
54 2.51500402102296
55 2.849890169364
56 3.09341793570579
57 2.97608677612842
58 2.97523558368013
59 2.9389110035612
60 3.39360696105831
61 3.16373050495218
62 3.51190105900235
63 3.19861210288082
64 3.25289869724769
65 3.04014382936363
66 3.35008930183345
67 3.20276007339525
68 3.25233576725379
69 3.15078557034595
70 3.39078654701402
71 3.31740237824812
72 2.99872441787479
73 3.2967359561663
74 3.2866884335083
75 3.23985647934379
76 3.19547566876005
77 3.1550230965007
78 3.12637679974072
79 3.09557770198399
80 3.04871492824981
81 3.02924964158207
82 2.99790126042318
83 2.96512651691758
84 2.89509470012813
85 2.91993041834947
86 2.83257037193493
87 2.8485859757159
88 2.73678298518514
89 2.76875314391289
90 2.76500603762598
91 2.64210238706883
92 2.7252653026542
93 2.65758471151362
94 2.67520802372374
95 2.67040876522976
96 2.63162877706362
97 2.60655707327742
98 2.56162090279106
99 2.55215725744505
100 2.53408520400354
101 2.51616465274364
102 2.48297442630991
103 2.4649765976223
104 2.45809046435385
105 2.43259991006016
106 2.40992592849833
107 2.36015479154841
108 2.3780316343457
109 2.36011555783314
110 2.34299013435716
111 2.32054741441952
112 2.29769019328991
113 2.27576125328606
114 2.26129324555644
115 2.25398875205031
116 2.23814380845247
117 2.21809418781318
118 2.19826097475703
119 2.18035923819479
120 2.13782971863486
121 2.15142535549886
122 2.14210795347663
123 2.12182661183977
124 2.11612528436273
125 2.09604524806723
126 2.08296101210555
127 2.07007547250442
128 2.04377220703127
129 2.03768873102093
130 2.02456609769822
131 2.01098638021179
132 1.99266149752681
133 1.97956156607114
134 1.96940365293679
135 1.95597274068297
136 1.93940950883847
137 1.9318809862762
138 1.9199511110093
139 1.90802298491567
140 1.88922213160731
141 1.88217075207717
142 1.87185567768071
143 1.86037692250189
144 1.85199193390004
145 1.84381978258124
146 1.83302694287611
147 1.82435019580602
148 1.8111682562023
149 1.80315514240798
150 1.79038961875874
151 1.77756487390303
152 1.76905988247126
153 1.75775352253854
154 1.74896479203045
155 1.73820735367819
156 1.72748906595366
157 1.71683093206912
158 1.70552281641156
159 1.69823472583395
160 1.6870077924909
161 1.68070320070616
162 1.66930388200554
163 1.65943998927511
164 1.65152852556472
165 1.63939866302703
166 1.63341629525674
167 1.62128135184737
168 1.61466722055332
169 1.60570468970434
170 1.59743226680841
171 1.58916951468326
172 1.58173235060907
173 1.57192476063401
174 1.5636336078308
175 1.55597153716592
176 1.548602081066
177 1.53878126022833
178 1.53163997141673
179 1.5238171245768
180 1.51507222558677
181 1.50738972319334
182 1.50039486748007
183 1.4939249045568
184 1.48429406301556
185 1.4780463013035
186 1.47089751262367
187 1.46281016384815
188 1.45671760432613
189 1.44880020969029
190 1.44133440885779
191 1.43557057299703
192 1.42765714835964
193 1.42070952544347
194 1.41457974450056
195 1.40946889289515
196 1.40246093870087
197 1.39541603259956
198 1.3893228779257
199 1.38214390099868
200 1.37482311070726
201 1.36870808642518
202 1.36361944364754
203 1.35684461092332
204 1.35092998591196
205 1.34461932682045
206 1.33075111052937
207 1.33204601656416
208 1.32727195950028
209 1.32115739447376
210 1.31468695947698
211 1.30913287844541
212 1.30269853278358
213 1.29729693479974
214 1.29217609328716
215 1.28585376957997
216 1.28067041299085
217 1.27538521279399
218 1.26919145598268
219 1.26334715319308
220 1.25766146488572
221 1.25267969493548
222 1.24767251197864
223 1.24244142273272
224 1.23768680652234
225 1.23175203912686
226 1.22730286384175
227 1.2213593330183
228 1.21740820284617
229 1.2116261487383
230 1.20632203294737
231 1.20223451807548
232 1.19745062113689
233 1.19234870874047
234 1.18764327142359
235 1.1827426642239
236 1.17833143513708
237 1.17345308375004
238 1.16895782731982
239 1.16439530087122
240 1.15982903187598
