125 8.84494668588876
0 1.49067743396356
1 1.58727174925091
2 1.46795874285722
3 1.45735656694776
4 1.46453697223381
5 1.57992576679074
6 1.68905655561628
7 1.83689958958212
8 1.73687323698893
9 1.6434047094609
10 1.6142207399195
11 1.66112917520824
12 1.64045382550831
13 1.60444841918457
14 1.54864913263801
15 1.59874768859935
16 1.56980574916268
17 1.60136608042958
18 1.59949023042875
19 1.65552909570504
20 1.77864879095908
21 1.70287714569271
22 1.75962501715187
23 1.82558454021308
24 1.93503986527071
25 1.83322406393054
26 1.75616537539514
27 1.80019844434549
28 1.63962073649892
29 1.8651565933702
30 1.72987147628811
31 1.99102902034692
32 1.98683759375602
33 2.36208805698594
34 2.11752774039037
35 1.77235872883013
36 2.11526427695999
37 2.10717705714449
38 2.14620471895148
39 1.98759337407179
40 2.0542563115345
41 2.45084026795939
42 2.24171014617806
43 2.28767834167169
44 2.43500541135449
45 2.36053555119394
46 2.62309803094634
47 2.6465666665838
48 2.49319379331029
49 2.48475362261336
50 2.42232250139023
51 2.47034063364726
52 2.35354092634785
53 2.31850493803676
54 2.63358944250747
55 2.80275071961433
56 2.71696817098914
57 2.72597606907657
58 3.01141500443862
59 2.49331928842928
60 2.66228363345035
61 2.85093211137559
62 3.13495481181701
63 2.76313522582722
64 3.32111178676466
65 3.06229347208551
66 3.52497494570575
67 3.47699983322457
68 3.14303907815745
69 3.10710329211622
70 3.03863436544942
71 2.75973371771899
72 3.1277585599306
73 3.20851660172179
74 3.47232398465719
75 2.81536960181186
76 3.09028568298503
77 3.12554580597982
78 3.62570894660226
79 3.79802716313705
80 3.60157973287513
81 3.79264745191337
82 3.76462742209398
83 4.11396437846729
84 3.65250377714593
85 4.68216667298775
86 4.264967433577
87 4.31702473721008
88 4.02260417386775
89 4.40445258011447
90 5.07183343557002
91 5.01257520893583
92 5.03992268328604
93 4.25433471847558
94 5.18254542379639
95 4.7895903755109
96 4.73885390251379
97 4.95344122071552
98 5.32530352493052
99 7.94131051961676
100 6.2137390971956
101 6.05858727182121
102 5.0505238754096
103 5.56694860795345
104 6.709144197211
105 5.80464726042063
106 7.11520633588269
107 7.42041753953832
108 8.90740383815306
109 6.58683020883885
110 7.24033677084326
111 7.35201675003556
112 8.97539216807893
113 9.22998052472571
114 8.78033109854615
115 9.03415785234569
116 8.53178525661679
117 9.09090598064436
118 8.58207718901879
119 8.76113013901085
120 9.09829520334951
121 8.89391725998443
122 8.8455551405302
123 8.87413027838156
124 8.81937242915033
125 8.84494668588876
126 8.6041900032456
127 8.61925799850575
128 8.58209942666759
129 8.63240973295044
130 8.58702464653594
131 8.38722544224584
132 8.43170751259977
133 8.41330853283812
134 8.42005710557084
135 8.40573804816197
136 8.19328129561614
137 8.2527023543688
138 8.24185747874871
139 8.20672938176387
140 8.23070418430538
141 8.00229482037954
142 8.01480665833979
143 8.04301062766752
144 7.98115662608021
145 8.03504406587757
146 7.88219815594513
147 7.82875336658097
148 7.83128225971278
149 7.77783009230301
150 7.8499362756833
151 7.63831285433132
152 7.66798112907351
153 7.66840300360752
154 7.61937226276168
155 7.6140608025145
156 7.45360244624238
157 7.4819555294839
158 7.43089636091791
159 7.49537843284663
160 7.47807456672866
161 7.45700445082681
162 7.29551345524884
163 7.30444905435637
164 7.31529957690733
165 7.33070573018595
166 7.15374426534836
167 7.1770352107957
168 7.18416009914218
169 7.13241991194245
170 7.18626247024386
171 7.01142158716904
172 7.0634791675169
173 7.01245158708226
174 6.98365545331554
175 7.04584895202289
176 6.97591065710833
177 6.88306931813221
178 6.8464429778072
179 6.88528438271277
180 6.86384089018541
181 6.81089836859353
182 6.71726888910784
183 6.73824604473698
184 6.71420190858939
185 6.71549390101443
186 6.69901704108248
187 6.61043097740906
188 6.57590667094133
189 6.58656353164861
190 6.58705800305753
191 6.46205752907068
192 6.48925916464102
193 6.5098583593595
194 6.4548281520404
195 6.4546854575389
196 6.33060688048916
197 6.39363171532637
198 6.35785537060197
199 6.36644347370051
200 6.36517033682068
201 6.20946135198951
202 6.21482980357285
203 6.22773458067913
204 6.19893562661341
205 6.20318649577068
206 6.12649293430858
207 6.13789431710854
208 6.12499563241643
209 6.10518624784494
210 6.11402140069954
211 5.98532704284566
212 6.0142461392529
213 6.01518952593146
214 6.02183498260518
215 6.01190569371342
216 5.93827121500598
217 5.88402667969614
218 5.90572348952746
219 5.86059695286699
220 5.8901797358144
221 5.77353445083126
222 5.75081847846455
223 5.76555651815275
224 5.79714580656878
225 5.79114994601215
226 5.67547374239399
227 5.66205947972626
228 5.66105338431197
229 5.67371762460898
230 5.65300280668267
231 5.59974999212065
232 5.56790540902818
233 5.63298941741064
234 5.57131556622871
235 5.60028883682775
236 5.51190518805998
237 5.51981015494041
238 5.49581614866477
239 5.49330696669253
240 5.48953921531607
