106 4.48946729522721
0 1.6984908689757
1 1.78822759825423
2 1.86223033674711
3 1.81139271475844
4 1.61574837564905
5 1.76012746918962
6 1.67549861471445
7 1.66495382950161
8 1.69897820064358
9 1.8115809562385
10 1.90318224769696
11 1.71199977172856
12 1.88887178236974
13 1.90159945013565
14 1.6431423362036
15 1.58838256688921
16 1.73745811099259
17 1.80883869631402
18 1.7909625653671
19 1.91158142547758
20 1.99394065848851
21 1.81271905894053
22 1.91421043026681
23 1.84007834150942
24 1.89979834540482
25 2.0374380748563
26 1.90135521724967
27 1.96890413517652
28 2.08828402841923
29 2.00292083186038
30 2.05584605345594
31 2.0394741460817
32 2.10406603428282
33 2.00975921962332
34 2.12352756754873
35 2.10733849884844
36 2.18020900758094
37 2.51967538613838
38 2.09857764037939
39 2.34048098944854
40 2.44455419614369
41 2.48674374093671
42 2.35731741429798
43 2.55531350917255
44 2.49214512013703
45 2.43966033618914
46 2.61001785714812
47 2.28668515854408
48 2.1766362736733
49 2.25904577477924
50 2.31283839749376
51 2.37040325571142
52 2.36199967019193
53 2.78256082989165
54 2.55580154244424
55 2.6441707757513
56 2.69578142772754
57 2.75849802353752
58 2.38223695292715
59 2.20369989905344
60 2.52245066565692
61 2.66529916630835
62 2.79962014699732
63 2.99841368784601
64 2.76600489613406
65 2.75667729262418
66 2.71468704886731
67 2.97590580583612
68 3.17281296713251
69 3.3304802837897
70 3.2761670888738
71 3.06270469074714
72 3.28413166311579
73 3.28221489959597
74 3.30304949803824
75 2.85020572307352
76 3.18941750615573
77 3.19545170559871
78 3.37998559904129
79 3.4123629480526
80 3.48581755635065
81 3.38218725842002
82 3.6720996274678
83 3.72254011656314
84 3.54826157066002
85 4.18999139136094
86 3.85257711486183
87 3.99840579879804
88 3.70430024695346
89 3.83727882410385
90 3.92536570057543
91 3.72252760715566
92 4.45809915612418
93 3.65426608287155
94 3.99626619743657
95 4.52582152444399
96 4.48818513803906
97 4.81877945612516
98 4.59997305753584
99 4.73884277324326
100 4.33886068478255
101 4.42602846430787
102 4.15115744210251
103 4.4701790356615
104 4.34014791916307
105 3.97472614997494
106 4.48946729522721
107 4.26897553792387
108 4.52392611201311
109 4.43843879810398
110 4.39450029390095
111 4.40710368008018
112 4.31069820587374
113 4.26564198041959
114 4.31769171742722
115 4.25441017681501
116 4.25291685346798
117 4.19316827219004
118 4.20853199807158
119 4.13019273542143
120 4.05074130217047
121 4.06514933647502
122 4.08770043360019
123 4.02404892889844
124 4.0384630867753
125 3.98148010621778
126 3.97760755170797
127 3.91170512538809
128 3.92120885649531
129 3.87611102372898
130 3.86853721550876
131 3.83360450410181
132 3.83370051326192
133 3.79333010262996
134 3.78388797817416
135 3.73167516918108
136 3.72136160095457
137 3.68297884693516
138 3.69674543594542
139 3.64177226602943
140 3.63062345459967
141 3.59489022151376
142 3.6135577254758
143 3.56230768471109
144 3.56917550165482
145 3.52401355128309
146 3.53309276154443
147 3.48764957062158
148 3.4849548471775
149 3.42708620720822
150 3.44300131401196
151 3.40696854947597
152 3.398858578342
153 3.36490973619441
154 3.35880576179749
155 3.32510206396842
156 3.331814570429
157 3.29859726390141
158 3.29016509841699
159 3.26879364832227
160 3.26389143991186
161 3.23366017327674
162 3.23454177739973
163 3.18518990192556
164 3.19141261671354
165 3.16194889520663
166 3.16766641296304
167 3.12918593246462
168 3.11936990827846
169 3.09993671514894
170 3.10611037141165
171 3.06823881326225
172 3.06677389595654
173 3.04064766507846
174 3.04158864392557
175 2.99804516762012
176 3.01403447236296
177 2.97914716680419
178 2.98211161970163
179 2.93564958418725
180 2.9537774378385
181 2.92103743320024
182 2.9232874334124
183 2.88235080508019
184 2.90011469933875
185 2.8708580648531
186 2.86752119837096
187 2.84561208001004
188 2.83906815512122
189 2.81544838527399
190 2.82132009296716
191 2.78842738675269
192 2.78087188578259
193 2.7701381864629
194 2.7664172545789
195 2.74737362128788
196 2.71904238405342
197 2.71903260971864
198 2.72092438956004
199 2.70125469616494
200 2.68524941461212
201 2.65837065166819
202 2.66846392589395
203 2.63504541930576
204 2.63921000433104
205 2.61319656546706
206 2.62754147110293
207 2.59448689299223
208 2.59611309044154
209 2.57605108943876
210 2.57370987293746
211 2.55122149533099
212 2.56294723524422
213 2.54364085028184
214 2.54261020228246
215 2.51989565153237
216 2.50832330846707
217 2.4989151591778
218 2.4889475841136
219 2.47637060025449
220 2.46916907441756
221 2.44608075278386
222 2.46081806697213
223 2.42657704330223
224 2.44263134332441
225 2.41919154680845
226 2.42085557994911
227 2.40296366179759
228 2.40313534624104
229 2.38448973966453
230 2.38309397156088
231 2.35359283176591
232 2.36613341997648
233 2.34877598261809
234 2.35181236971226
235 2.3323065728733
236 2.32088803332509
237 2.31353261621981
238 2.31280568039275
239 2.28484500301923
240 2.29795269240095
