0 1.60035726738283
1 1.56669412707438
2 1.4144025623664
3 1.43931074291797
4 1.30002334679302
5 1.40047511658111
6 1.51496267083989
7 1.60997627083711
8 1.76419000093062
9 1.73908705365988
10 1.8072151132922
11 1.77937984421622
12 1.60539971463383
13 1.53785812850268
14 1.64061850336406
15 1.81741091822837
16 1.6756224248629
17 1.83353745216965
18 1.83294578860811
19 1.87755038609595
20 1.83356604799082
21 1.73450328383447
22 1.8225015879275
23 2.04997333634461
24 2.09288360380662
25 1.83029012316002
26 1.80902341312815
27 2.02930759927402
28 1.97026099792212
29 2.00343486628641
30 1.91752032496588
31 1.69038321517384
32 1.80502847742765
33 1.85927881957434
34 1.90946562597418
35 1.91738468282848
36 2.08302710872836
37 2.1025551189055
38 2.20642077706384
39 2.06035448060223
40 2.11190918066287
41 2.11528410440114
42 2.25675542348651
43 2.01700014396111
44 2.20703335673596
45 2.52435054241246
46 2.61094965567965
47 2.39351175179122
48 2.40316775391467
49 2.40125706363126
50 2.69552935331029
51 2.41500281669711
52 2.42865333451892
53 2.43102437558356
54 2.44032413871957
55 2.40207817316436
56 2.62979630764745
57 2.70038371826435
58 2.79935801917872
59 2.98677180688833
60 2.85118676883788
61 2.9930348997854
62 2.65637227182088
63 2.90419499637513
64 2.97762260033103
65 3.01952407855867
66 2.86336213611062
67 3.14430525649279
68 3.21562323636237
69 3.54727152693436
70 3.11280225130111
71 3.52231972500879
72 3.1989767625013
73 3.4078340351802
74 3.85022323750168
75 3.96532932891552
76 3.98577436402147
77 4.19257246964013
78 4.00205421132576
79 3.94848281234994
80 4.16246977790129
81 4.3294066985186
82 4.12769644229272
83 3.81235175268709
84 4.44795702523902
85 3.86526713391566
86 4.13785312157546
87 4.27561072300337
88 4.80114648341608
89 4.39198945627119
90 5.01652767196415
91 4.75407553469975
92 5.7529131336417
93 5.32136724881793
94 5.42503119334433
95 4.74943352145918
96 5.93397550649894
97 5.81264463279397
98 5.19659140811839
99 6.31599975190062
100 8.01999493548318
101 6.9410833580249
102 7.63064850763753
103 7.27331716407734
104 8.69899441728505
105 7.70320806480585
106 7.89702653359163
107 6.85212376574936
108 7.8265925278554
109 7.74172381640065
110 7.34665613242919
111 9.8191143065512
112 10.1364264005391
113 9.12777415424342
114 9.70750000669829
115 9.7721343384687
116 10.1485591497638
117 10.461823639171
118 10.571214853659
119 10.3160154236954
120 10.2835224555423
121 10.1641936478623
122 10.2080131412487
123 10.1961896980185
124 10.2297757970677
125 10.2044888744458
126 10.2439037923189
127 10.0900818303147
128 9.98199704871897
129 9.89407955432677
130 9.93008729348054
131 9.94849598727973
132 9.97750392231563
133 9.68504756421249
134 9.63726417799881
135 9.69237203889629
136 9.62608637945753
137 9.6185791206002
138 9.6166599951335
139 9.40085831727033
140 9.39568314442618
141 9.34078710961369
142 9.34388986163357
143 9.37627879411313
144 9.374275295605
145 9.13835895952788
146 9.14723010734468
147 9.12802037971526
148 9.15997290390083
149 9.1310399451157
150 9.16942351036206
151 8.94075975887472
152 8.94587277138148
153 8.91886372538353
154 8.95013820666003
155 8.92714228761864
156 8.95723518674282
157 8.72686370364385
158 8.77955198013718
159 8.81708140402402
160 8.70484688180267
161 8.71603015315416
162 8.7633600888253
163 8.46667786112915
164 8.46304461217805
165 8.4635351349857
166 8.48092731514009
167 8.46917055722257
168 8.49746248617967
169 8.35640551254533
170 8.30652943927341
171 8.30751142009139
172 8.24723133755235
173 8.27304117849641
174 8.27990918725869
175 8.06816658980955
176 8.07712956280121
177 8.06035065548695
178 8.08695367150977
179 8.05739655620515
180 8.08524014666771
181 7.91695119839423
182 7.87876372509678
183 7.90097282562415
184 7.89871476368037
185 7.90345363238037
186 7.8682332850879
187 7.78171500596101
188 7.74049386168174
189 7.74336521754809
190 7.74344677556062
191 7.74559652162254
192 7.75729921548256
193 7.58750349156299
194 7.55242816879997
195 7.55643721220509
196 7.56026050314096
197 7.58047055413653
198 7.55517733559514
199 7.37889393927801
200 7.39655413938054
201 7.40958201350439
202 7.36946846158538
203 7.39317471615018
204 7.35490699194836
205 7.23222174056637
206 7.26415391663434
207 7.25650772658936
208 7.24282274795579
209 7.23118677285583
210 7.2613161349095
211 7.10588302551759
212 7.08364595340053
213 7.08833978933828
214 7.07914929505714
215 7.07519301668298
216 7.10164902067955
217 6.95336426433201
218 6.91452580728628
219 6.95577096271135
220 6.95266613794335
221 6.96692113213595
222 6.96144980558591
223 6.82842038738887
224 6.82897153890777
225 6.83465833269663
226 6.82708728293963
227 6.82969561599932
228 6.82879937894315
229 6.70013068492448
230 6.68607496208035
231 6.68493055003181
232 6.6860610558485
233 6.70251540532684
234 6.70033543965807
235 6.5646993857042
236 6.56806113669428
237 6.53199554826877
238 6.53567135896477
239 6.56995122445006
240 6.50121701613839
