112 7.08170000139089
0 1.47625133052256
1 1.6059804010093
2 1.40950841786528
3 1.64066100584521
4 1.55653468503578
5 1.61653094070023
6 1.65698866147938
7 1.60906388895015
8 1.74943844059536
9 1.65021118127038
10 1.54011209048403
11 1.66091105576549
12 1.7493318534852
13 1.70482735341995
14 1.78089082542555
15 1.78617266559885
16 1.83940013471435
17 1.70933475030554
18 1.84112135148852
19 1.649125343542
20 1.87866070665117
21 1.76879913200467
22 1.93653325595385
23 2.14674168500492
24 2.18079729763272
25 2.15499093627837
26 2.32707753975807
27 2.23712174202404
28 2.27232719638243
29 2.12793405256788
30 2.20049235558452
31 2.19810155516441
32 2.13033606397395
33 2.2355833037647
34 2.43539320619524
35 2.31823792764148
36 2.30827750546379
37 2.39155944255713
38 2.41162144430191
39 2.43163456221092
40 2.39201942512349
41 2.38664893182058
42 2.21978819221229
43 2.39450864746709
44 2.46500957355723
45 2.56167992048141
46 2.62539544198869
47 2.54786603632374
48 2.84249798426766
49 3.0746526881021
50 2.48316223841903
51 2.66413399886138
52 2.61019348555563
53 2.69807987219966
54 2.68680704281751
55 2.50324928053737
56 2.93508819313125
57 2.77001208541386
58 2.70433634852557
59 2.44882522440101
60 3.01009880464618
61 2.75584854583489
62 2.78549643827418
63 2.69385218581433
64 3.37462140266633
65 2.89383039817759
66 3.22553015048757
67 3.02520527819465
68 3.34848601235786
69 3.06046394248723
70 3.50355918182683
71 3.60818181837689
72 3.48850567207148
73 3.13239143014329
74 3.51821548496079
75 3.11427465636334
76 3.61249143172061
77 3.86978881750204
78 3.70632636246175
79 3.49113164180066
80 3.4740002011339
81 4.04003675586655
82 3.40150527190199
83 4.45856847286475
84 4.21948060884949
85 4.3839658272907
86 3.95831988640216
87 4.67834988433682
88 4.59590485335023
89 5.50213745922109
90 4.24827778692672
91 4.43194024705228
92 5.29916840174715
93 4.96059325646194
94 5.40659408608072
95 6.1279428679071
96 4.64524050360027
97 5.53472269215652
98 5.69829262685995
99 6.50841411831539
100 7.59470798237616
101 6.11764951941205
102 6.21895795403854
103 5.90543572297849
104 6.60321531390123
105 6.38253720570403
106 6.30641028059961
107 6.98677388042265
108 6.75095051119811
109 5.86171709482116
110 6.47154797827077
111 5.64821743617266
112 7.08170000139089
113 7.5378452442777
114 7.78924334901271
115 7.68881400012627
116 7.23835180610664
117 5.9711732681615
118 6.99134866910835
119 6.75626685515653
120 6.66550428181767
121 7.49734625746911
122 7.49401328538908
123 6.94200732838599
124 7.47802468169492
125 7.30746917722028
126 7.28727587766293
127 7.28195795468086
128 7.30898127510634
129 7.18522313660254
130 7.15424288305599
131 7.17489976920363
132 7.16898700542952
133 7.04112471566083
134 6.97960956469278
135 7.02160726106418
136 7.02011304674977
137 6.93798678411627
138 6.9067086467449
139 6.83608489624413
140 6.86238677804784
141 6.71961377331737
142 6.77522726468282
143 6.68252795340955
144 6.71040252036476
145 6.61541831007735
146 6.64581098824953
147 6.58679375528691
148 6.60592345000125
149 6.46289339157326
150 6.43816384222695
151 6.45650016799757
152 6.44473789354414
153 6.33557988367619
154 6.32476468834515
155 6.35680434458617
156 6.3560494769248
157 6.22957190370943
158 6.23669710358673
159 6.25280913451836
160 6.21653175681251
161 6.13373289173519
162 6.11261884134412
163 6.10954106413413
164 6.10707076768723
165 6.02336309416105
166 6.00062538482061
167 6.00460144535572
168 5.99509609478104
169 5.97212907763472
170 5.87414837389621
171 5.89471722007417
172 5.86246826921503
173 5.80075684927399
174 5.77912517591871
175 5.75837862144257
176 5.78208386028287
177 5.71053524209708
178 5.68887053437262
179 5.67350630970235
180 5.6936229873427
181 5.58685741770038
182 5.59853825734585
183 5.59463976173602
184 5.57844447138925
185 5.48658587305284
186 5.52380518226199
187 5.52130171491212
188 5.4857194051575
189 5.43096924019193
190 5.43037668527806
191 5.39788115622543
192 5.426796540577
193 5.34706131178826
194 5.32306135678807
195 5.32909158628939
196 5.33602919948286
197 5.25012438685216
198 5.25855959828186
199 5.25370031348459
200 5.25980613541454
201 5.16747837497212
202 5.17697149720445
203 5.18250450847068
204 5.18450130713371
205 5.12335711916338
206 5.09510457374265
207 5.0909925522523
208 5.08141489680408
209 5.02509359835898
210 5.0233068336709
211 5.01952971069518
212 5.01644793076122
213 4.95220277749959
214 4.94249597797629
215 4.93796126162488
216 4.91505630544718
217 4.87500531333228
218 4.85447334615283
219 4.86847135345109
220 4.85867433595666
221 4.80724944940149
222 4.8113108592997
223 4.80464028111502
224 4.81042000250781
225 4.74230077103636
226 4.73508373039472
227 4.73936707002048
228 4.70682821537423
229 4.66677788035701
230 4.65100951794713
231 4.67443875332906
232 4.67245356293617
233 4.60118739511959
234 4.59099687843453
235 4.60855903021679
236 4.60359317510474
237 4.54141308381195
238 4.53598145412748
239 4.54718694929075
240 4.55648902007579
