2 11.100036909697 11.4923994753653 3.35598813126771 230.753163465569 3.41410483084384
4 12.8822234916968 13.1022119840791 5.19906475535919 147.779631488871 1.67901796009449
6 14.3288644907967 14.4071447191527 7.43139564122394 92.8152554724804 0.543343111227005
8 15.397339396263 15.8679846612464 9.39523004931867 63.8846448190969 2.96600529324246
10 16.3477242706468 17.0850327423881 11.3869980429109 43.5648290185153 4.31552273184755
12 19.121621707296 19.121621707296 13.0884514988499 46.0953704796652 0
14 19.2289628353377 19.3506754910893 14.5951398246983 31.749082682976 0.628984015610325
16 19.4532418851937 21.1537905838754 16.3533138934059 18.9559621492853 8.03897860262423
18 19.9611238008592 23.0425182950972 18.5408381850809 7.66030964512244 13.3726464042499
20 19.5676949919596 23.6113394490873 16.7836997970182 16.5874939888757 17.1258579626411
22 19.0593072254925 23.9176154881764 21.815677646277 -12.6348145836987 20.3126781810067
