224 10.2709302411766
0 5.92876294412747
1 7.93871646318735
2 7.67100723501244
3 7.79641900435126
4 7.88827301200162
5 7.79609253523311
6 7.8919312453191
7 8.84734410178353
8 9.04409945964952
9 8.63528828049263
10 8.42319954671277
11 8.63524741135258
12 8.25689478771359
13 9.07294401305366
14 9.03878268942391
15 9.04477196862453
16 9.12584431684017
17 8.93047033380188
18 8.31466302260724
19 8.85704611650485
20 9.1721664318741
21 9.02543026846167
22 8.86103358161658
23 9.22045047792625
24 9.17128429374559
25 9.2979044506123
26 9.28890898916494
27 9.03820583757332
28 9.14265801895459
29 9.1108473448085
30 9.19443270011374
31 8.98911114101831
32 9.1935130750035
33 9.15384931200902
34 9.1580511026076
35 9.06670636568845
36 9.31638299320886
37 9.2528643386823
38 9.10304485636354
39 8.84047237654456
40 9.11703428172964
41 9.09815154913536
42 9.3502650320037
43 9.38551114141123
44 8.86860041038904
45 9.04357273080018
46 9.37351463912088
47 9.31907626699936
48 8.63633738749293
49 9.16290169949577
50 9.31360807602385
51 9.32429911732119
52 8.8411820602159
53 9.07930696330926
54 9.08403679316912
55 9.04175243989102
56 9.47913259942483
57 9.47450070738692
58 8.59160581346563
59 9.49439090479156
60 9.25481444734923
61 9.07190343332062
62 8.93322134277044
63 9.55232891543683
64 8.9422470651805
65 9.01066260453395
66 9.39508661223786
67 9.04448277750895
68 9.20592149329001
69 8.9512215124807
70 9.11207511061199
71 9.37309088704764
72 8.98443242961101
73 9.21915451614658
74 9.1517127565189
75 9.0883731548973
76 8.94539418764353
77 9.35508559358338
78 8.9928424022361
79 8.96929069390462
80 9.54959828180124
81 9.06748062685194
82 9.07306883850592
83 8.96301051058735
84 9.29720009053198
85 9.60085529129709
86 9.55941066722227
87 9.05281993955695
88 9.52886336324652
89 9.54976988992908
90 9.64408286541427
91 9.57491280970321
92 9.62620988115259
93 9.62309170915859
94 9.65789332065295
95 9.64025354022968
96 9.70967412620943
97 9.67628793882588
98 9.72940884333597
99 9.72495335538731
100 9.73581443298419
101 9.71373291582113
102 9.71521736197983
103 9.72698569248506
104 9.73244142697194
105 9.74009789113748
106 9.78783344147301
107 9.73607765518965
108 9.73469070353942
109 9.74524475390012
110 9.79672920007807
111 9.78842943194913
112 9.75448475774463
113 9.8330741973296
114 9.87671996414275
115 9.8392288246844
116 9.86462586621667
117 9.86146505507834
118 9.91216208874788
119 9.84789493356434
120 9.8483600473917
121 9.91511660733796
122 9.79290824526718
123 9.79751128579331
124 9.92768420789165
125 9.90751706548117
126 9.91889783470239
127 9.94480773868977
128 9.8870834279385
129 9.84470765002211
130 9.93914206389126
131 9.92018495407683
132 10.0089279640841
133 9.9251622006964
134 9.95429808584987
135 9.90424358666986
136 9.95521959974363
137 9.75144016074324
138 9.92432001697068
139 9.95575013600442
140 9.98604802289675
141 10.0051107152561
142 10.0167820054007
143 9.97681619955184
144 9.98610267835641
145 10.0304790781492
146 10.0331027138195
147 9.95523861115837
148 10.068365833638
149 10.0604824980391
150 10.0473018428252
151 10.0557972142728
152 10.0849936361405
153 10.1054893957666
154 10.1280734463047
155 9.90395864899595
156 10.112839923445
157 10.174390090552
158 10.0879758721079
159 9.95037134461198
160 10.1031839404978
161 10.1385516644509
162 10.1017128042401
163 9.9755534307618
164 10.1400617278633
165 10.1342981088084
166 10.1995741399692
167 10.2410790670001
168 10.146936883144
169 10.1694195874938
170 10.2084966200638
171 10.2236274838315
172 10.2213995163109
173 10.2404324302076
174 10.1802874578344
175 10.1038031018455
176 10.2335161329675
177 10.252185212153
178 10.2488201363643
179 10.2380257431337
180 10.0798566927365
181 10.2659083093744
182 10.317496026552
183 10.1793578826194
184 10.3060655984636
185 10.2769767484214
186 10.3016141280669
187 10.1414078289051
188 10.3103500108215
189 10.3132241345054
190 10.3640238126299
191 10.2932162783744
192 10.3467348452542
193 10.3431647471207
194 10.3106121996896
195 10.3954025263144
196 10.440721038904
197 10.3481520321535
198 10.3131969301512
199 10.4221097098152
200 10.487910215216
201 10.384780005779
202 10.4553552600213
203 10.4613480012958
204 10.4417686809577
205 10.4705773317395
206 10.5071306246043
207 10.5355572961944
208 10.5017602686656
209 10.5563523783956
210 10.5064751631615
211 10.5665548202622
212 10.6107765498668
213 10.5500998506433
214 10.6545641942002
215 10.5949557355883
216 10.5450531832505
217 10.4565356804522
218 10.3137565914746
219 10.2811336895644
220 10.320041403437
221 10.3285746997538
222 10.2633193208494
223 10.138688753634
224 10.2709302411766
225 10.0758868568842
226 9.9674026785307
227 9.95519334600454
228 9.9087886764035
229 9.8503273002119
230 9.8366189726464
231 9.78752190999257
232 9.90795106242059
233 9.77202291767926
234 9.73848281442482
235 9.79602700752931
236 9.77969637968486
237 9.79941002897042
238 9.71867852074649
239 9.68250813663281
240 9.70239129232523
241 9.48409191798324
242 9.4341578228781
243 9.39763761716563
244 9.36619906294452
245 9.36116451754465
246 9.29687084669539
247 9.20996434993848
248 9.0685352165179
249 9.10963279654837
250 9.10034562381495
251 9.09635381698723
252 9.1062895342348
253 9.13021384130373
254 9.09351956123075
255 9.11133643977274
256 9.05571951769707
257 8.95125152086032
258 8.90901754791727
259 8.92450774132522
260 8.83193227413376
261 8.86111032641104
262 8.81308266682939
263 8.77140920205184
264 8.80078092968739
265 8.60855962503692
266 8.59362711085262
267 8.63282047820391
268 8.60386621542508
269 8.5581238670402
270 8.55797868860007
271 8.47776228086954
272 8.56730418643468
273 8.48709396522398
274 8.37139865857992
275 8.36648127744088
276 8.40941357614526
277 8.36440755084422
278 8.32580265065935
279 8.30546386531007
280 8.32881083124162
281 8.23389668785868
282 8.22848196572412
283 8.13491812254332
284 8.19037846605507
285 8.15113112273431
286 8.10168223386092
287 8.1400281781128
288 8.10435541840487
289 8.08317975208442
290 7.95634533881213
291 7.93768955439111
292 7.96343528260195
293 8.00497424872399
294 7.95946567296484
295 7.93593970160926
296 7.93011395875805
297 7.81072159840796
298 7.7389959948804
299 7.77472236175578
300 7.77394003434157
301 7.74623588989405
302 7.72117995935333
303 7.68204501255183
304 7.72279442560772
305 7.66258811780104
306 7.61373543923761
307 7.59936266283815
308 7.57351173487604
309 7.56734519004996
310 7.55402767979279
311 7.53699820169146
312 7.52930962574466
313 7.50475692321192
314 7.47622232989718
315 7.38648333968929
316 7.3436411075323
317 7.33059403054576
318 7.41720617238857
319 7.38281204162205
320 7.36352636972052
321 7.28483444355105
322 7.30473204761134
323 7.23000010699068
324 7.25349689583346
325 7.24885146988216
326 7.20757222083741
327 7.24314793528473
328 7.18433571577215
329 7.17183163291845
330 7.10740118170275
331 7.08225574638283
332 7.08137935709721
333 7.08077338723719
334 5.89804763270408
335 7.03742981572058
336 7.03208156136453
337 6.99528184848125
338 6.9229344900954
339 6.99623184271212
340 6.95834246244384
341 6.94641279652135
342 6.9580691397846
343 6.90976961583535
344 6.91372455897594
345 6.83912302764622
346 5.75328878650131
347 6.85132083378603
348 6.80717412498693
349 6.81243785233862
350 6.79833021775281
351 6.77813296220073
352 6.74815780861626
353 6.69897303670618
354 6.69780043394061
355 6.67266622817387
356 6.66324901003604
357 6.6426374658571
358 6.62677537572611
359 6.61539012840275
360 6.59632214354233
361 6.5159974322445
362 6.50326585779024
363 6.51211822394023
364 6.50900517774457
365 6.48390990942328
366 6.48044549540947
367 6.48171054067379
368 6.45970182121629
369 6.42546544277732
370 6.3852576163206
371 6.38069781193181
372 6.35877573410508
373 6.35873621376089
374 6.35979752398407
375 6.35790603074533
376 6.34873602130081
377 6.31423406903495
378 6.2992093498412
379 6.31428651355036
380 6.2898416495042
381 6.27729841005399
382 6.2619970315986
383 6.2618967388777
384 6.24616130388917
385 6.1702661312227
386 6.18082807208041
387 6.17239143054708
388 6.14199921565063
389 6.11630883051732
390 6.11359472182756
391 6.11129340950193
392 6.04959132287515
393 6.04696681945594
394 6.0573012156589
395 6.06090799771456
396 6.04016855274761
397 6.0357363729606
398 6.01217856045257
399 5.97915400335581
400 5.97909914062775
401 5.97155955255642
402 5.92632818924305
403 5.87363336717628
404 5.92560097522019
405 5.91966868094827
406 5.8890903685992
407 5.87728277162405
408 5.89001716272533
409 5.82319095473912
410 5.82658472031267
411 5.81620544508336
412 5.81677469664439
413 5.82549239506547
414 5.83728651208434
415 5.81462281919291
416 5.79554731144383
417 5.75127516624089
418 5.71344194498925
419 5.70395243516255
420 5.69834034470889
421 5.72467640829497
422 5.68798103831223
423 5.69825492160059
424 5.68223691627525
425 5.60930171929186
426 5.62599288494129
427 5.55325541849424
428 5.6355227753479
429 5.58605970715423
430 5.61608544704384
431 5.59733345999881
432 5.59410795122742
433 5.56572070388136
434 5.55610205398935
435 5.54090109201311
436 5.51152889987058
437 5.53291282630667
438 5.49888310072196
439 5.4959543347131
440 5.50041511964007
441 5.45190222789603
442 5.4273494400474
443 5.45036671812347
444 5.41883861236504
445 5.4316434537073
446 5.3822419642549
447 5.40753655059586
448 5.40654388177708
449 5.371544395393
450 5.32950056973951
451 5.32717321802399
452 5.33806524075545
453 5.33828051070108
454 5.32552657594798
455 5.32562450634649
456 5.31427229947125
457 5.26141658405334
458 5.26927842284412
459 5.23464305375492
460 5.24885622322875
461 5.22092492605806
462 5.19135903780992
463 5.20783092566951
464 5.21872948046528
465 5.17400314278617
466 5.1626609660652
467 5.18802222933927
468 5.16422035517153
469 5.16633505901452
470 5.13650051328365
471 5.13367555307849
472 5.14098351325094
473 5.09638966807039
474 5.10656903989556
475 5.06669080145964
476 5.08372232207962
477 5.07747016566083
478 5.06872871565596
479 5.04758274088041
480 5.04224970015421
481 5.02784895935833
482 4.98247920839665
483 4.99975954150937
484 5.00926209159045
485 5.00301625790431
486 4.98495244393066
487 4.99505208587615
488 4.99053843960064
489 4.92456633820357
490 4.95376772340593
491 4.93360284486936
492 4.91331323541094
493 4.90225149707678
494 4.92178441142636
495 4.90825648379776
496 4.90293475379919
497 4.85685891615733
498 4.86345200985244
499 4.85098218427708
500 4.85255876264175
501 4.84250899556804
502 4.81717834669266
503 4.81002962388449
504 4.83766206505908
505 4.7714389647015
506 4.7631325412233
507 4.77804309588551
508 4.79493546116696
509 4.75421939718877
510 4.75210611287563
511 4.75601944008803
512 4.71871018148396
513 4.66333797140684
514 4.67299977500058
515 4.65883894303218
516 4.68174965479112
517 4.64728852568583
518 4.67196374245356
519 4.65758405974405
520 4.63069230301004
521 4.64201696749878
522 4.59634641290837
523 4.61955667686229
524 4.59799121294793
525 4.60713799636439
526 4.63431318470817
527 4.60476852447939
528 4.58587650227515
529 4.53007423823595
530 4.49834734471247
531 4.52094249843101
532 4.55342997906654
533 4.56218511621929
534 4.5023421635753
535 4.50559924363055
536 4.54676808964128
537 4.53519780891543
538 4.51872816933273
539 4.46077471205345
540 4.49211796501434
541 4.46617351526564
542 4.44948839237373
543 4.46760155946603
544 4.48796407270321
545 4.45570973704036
546 4.44835006710127
547 4.44427163683543
548 4.41233628122979
549 4.4063880881871
550 4.37501915790272
551 4.39007562129927
552 4.39732853061833
553 4.35060032178511
554 4.3664112120308
555 4.3434578765316
556 4.34015094830632
557 4.34540160765398
558 4.32697959460029
559 4.32172283241044
560 4.32912429788169
561 4.31664664814377
562 4.31018341562886
563 4.28577938517264
564 4.29157780361546
565 4.27818734719307
566 4.24804028923732
567 4.24673101715938
568 4.27075027868131
569 4.27389819344178
570 4.24330239379921
571 4.23711302020299
572 4.2241220309663
573 4.24173963218991
574 4.2129505376546
575 4.20059474322321
576 4.21427750913549
577 4.20994256765176
578 4.18853123218121
579 4.16259772531691
580 4.17765918704749
581 4.17558863477058
582 4.1821085529671
583 4.17506725703535
584 4.14608996727192
585 4.12972181429361
586 4.10523990000552
587 4.1036797839142
588 4.11240241819116
589 4.13127373495436
590 4.10972756732844
591 4.11907892063387
592 4.1012236751449
593 4.06135986160826
594 4.05773805150895
595 4.0405292733564
596 4.06771977022101
597 4.0537451370873
598 4.0496429223547
599 4.04556888564556
600 4.03779501083963
601 4.02606064230239
602 3.99176779017641
603 3.98146610195721
604 4.00996892554108
605 3.9978939249577
606 3.96795518087885
607 4.00275815781647
608 3.97802478602505
609 3.9798364281411
610 3.95125237124395
611 3.93411578832144
612 3.9435833851979
613 3.9305988646071
614 3.94806865658809
615 3.94336050418261
616 3.94000797264941
617 3.89556570312229
618 3.90853110036487
619 3.91134457276332
620 3.91454615663886
621 3.90871852065446
622 3.88622807144906
623 3.90034752622622
624 3.89750294494017
625 3.86423937487712
626 3.86014892201323
627 3.87331020687676
628 3.84852131588926
629 3.8491964189806
630 3.86283658076029
631 3.84820380569478
632 3.84246695210169
633 3.80300411127637
634 3.83429577967225
635 3.79841634068879
636 3.82130594916246
637 3.79261636164803
638 3.81918052962972
639 3.79454315936177
640 3.81687847355948
641 3.7768470458417
642 3.75739745704102
643 3.78144526509888
644 3.76257640981704
645 3.77277103917006
646 3.76104408336646
647 3.76589521027564
648 3.74671517123206
649 3.73938151685487
650 3.72088254517905
651 3.73463472485914
652 3.71478119836945
653 3.71535168355966
654 3.69967809281925
655 3.71633925760453
656 3.71572584046195
657 3.7115687012419
658 3.69250133746941
659 3.66608491634667
660 3.67386608201481
661 3.67685948972596
662 3.6661774884168
663 3.66119666482324
664 3.67320473285463
665 3.65760559187907
666 3.63315791763634
667 3.65132458758991
668 3.62448249449531
669 3.62739870169499
670 3.63744257159632
671 3.62805483984663
672 3.63909367285282
673 3.6368726820865
674 3.61857824200105
675 3.59628862451805
676 3.59563707523692
677 3.59652681312958
678 3.61232543312199
679 3.59691275510023
680 3.624622180969
681 3.61810823460107
682 3.57763777732446
683 3.57869117747581
684 3.58202715353201
685 3.57614534361583
686 3.58087655892284
687 3.58624003746593
688 3.56180980901957
689 3.53290789678314
690 3.54301795635094
691 3.55396893788317
692 3.54279414005315
693 3.51933898861354
694 3.54810408826508
695 3.53800069723826
696 3.51873764101191
697 3.5132975376706
698 3.49584704646305
699 3.50012541202526
700 3.50998430410874
701 3.5052675027648
702 3.49378425867227
703 3.49718348427842
704 3.49768707712513
705 3.46717270482544
706 3.47162177559673
707 3.47159348207456
708 3.450336041331
709 3.45562257674086
710 3.46160942555696
711 3.45391359294807
712 3.44818572342104
713 3.44470369807941
714 3.44166912751482
715 3.4359165201623
716 3.42147115544011
717 3.43319400652185
718 3.41991372013974
719 3.40778565679938
720 3.41613766967633
721 3.41516659284558
722 3.39204322308445
723 3.38492296386954
724 3.40490883984808
725 3.40576908616496
726 3.39352698117236
727 3.39173981767845
728 3.387651090018
729 3.38856682712405
730 3.34689050180387
731 3.35819911371446
732 3.35222770326246
733 3.35515506848727
734 3.36080435252249
735 3.35689605258627
736 3.3537338469596
737 3.34490496622328
738 3.33444427573525
739 3.32581403206004
740 3.32161269317233
741 3.32924561642693
742 3.32217858965952
743 3.31203489074451
744 3.31185533599801
745 3.3076941647329
746 3.30803659775184
747 3.30789505817087
748 3.30278805732032
749 3.28963919112679
750 3.25268002037302
751 3.28570481421255
752 3.26981239208087
753 3.26213447290765
754 3.25092455858519
755 3.26115793487752
756 3.24212326514504
757 3.25451797258083
758 3.2584411095734
759 3.25642677708518
760 3.24773502315611
761 3.23743086016409
762 3.23261045223142
763 3.23008954002781
764 3.22137030935582
765 3.2154564659104
766 3.21154272208158
767 3.21818786008101
768 3.19679852599246
769 3.18246375045863
770 3.20487824499767
771 3.18679896113344
772 3.18835545382412
773 3.1802764975834
774 3.17775488070737
775 3.17226200469651
776 3.16366259657034
777 3.14219156437084
778 3.15511377716032
779 3.14710384925329
780 3.14306944755718
781 3.14840419928379
782 3.15385903388446
783 3.11443125026618
784 3.12603707500395
785 3.12353867340748
786 3.12360248627973
787 3.13567302112093
788 3.13130229380369
789 3.11324247009465
790 3.13046409199959
791 3.1110487737977
792 3.09163817800759
793 3.08757952612647
794 3.08511880683474
795 3.0823681999582
796 3.08189145826669
797 3.09623976861925
798 3.08764710332047
799 3.08911554743779
800 3.06624928163507
801 3.07273115228629
802 3.04031000677559
803 3.03952917308954
804 3.06295928578293
805 3.0626053046844
806 3.0630917819598
807 3.05866665511818
808 3.03692114433907
809 3.05173196162871
810 3.02697707840891
811 3.03356462629296
812 3.03549111831274
813 3.0311198928442
814 3.03558530599677
815 3.00814385177015
816 3.00475312341954
817 3.01541603427214
818 2.97778143238804
819 3.00299229160468
820 3.0138585677696
821 2.99597053747158
822 2.99615576723863
823 2.99471970890406
824 2.98729009026208
825 2.97752857579746
826 2.971815701266
827 2.96066435573508
828 2.9698691715555
829 2.96973430539585
830 2.96226261877568
831 2.96948474668626
832 2.96068293214061
833 2.94099936673719
834 2.93806738432535
835 2.9545121605767
836 2.91980773180711
837 2.93810239530578
838 2.92096900645058
839 2.93011554505677
840 2.92050753344023
841 2.92465643670474
842 2.90098968734828
843 2.90095578588005
844 2.90320699448669
845 2.90917159352119
846 2.90264628916414
847 2.90585980735705
848 2.89822098942689
849 2.89322646536912
850 2.8791431520486
851 2.87803940460259
852 2.881961536074
853 2.87694595381075
854 2.8784709779197
855 2.87374367827706
856 2.86487603578296
857 2.87483431828709
858 2.85404799577028
859 2.85083217106239
860 2.84985506681963
861 2.84141962214936
862 2.84672033373116
863 2.84733110233236
864 2.84269238345615
865 2.83960932311819
866 2.82791502937712
867 2.80362803352212
868 2.83035754729333
869 2.80974223864302
870 2.82435653018231
871 2.84168286110217
872 2.83353010717414
873 2.82988585311826
874 2.81631774803021
875 2.80022683576009
876 2.8167407917471
877 2.80113959434544
878 2.81059792724061
879 2.81118549587353
880 2.79218703487978
881 2.79001689942529
882 2.79374092098109
883 2.79371810646228
884 2.79754374057354
885 2.77846074776733
886 2.77616840182649
887 2.78468286036015
888 2.78753622746305
889 2.76707029062517
890 2.77350160845632
891 2.76690230209024
892 2.7763783561002
893 2.77022045696542
894 2.76111588911387
895 2.74953318654668
896 2.75798054709917
897 2.75869362118427
898 2.74051893454375
899 2.74161932642065
900 2.72198718004344
901 2.74309157966319
902 2.74460683808254
903 2.72873341737406
904 2.73651638173903
905 2.72083154934221
906 2.72301821196801
907 2.72273491860827
908 2.72743716115564
909 2.7103771536733
910 2.72130797080599
911 2.70461194101755
912 2.70473228810459
913 2.70640395420984
914 2.70058372849872
915 2.68882407707558
916 2.69253908812249
917 2.69358848813394
918 2.69469070823172
919 2.68426366341014
920 2.68312096173752
921 2.67452329378805
922 2.67325778144035
923 2.67145057648457
924 2.66803692057227
925 2.66747438314904
926 2.64891095496896
927 2.65929678197005
928 2.6449077142438
929 2.65771943373893
930 2.6513786198398
931 2.64727701619023
932 2.65204739450663
933 2.64787442419971
934 2.62229585618525
935 2.62838046897848
936 2.6320931067699
937 2.61432438816399
938 2.62906212495135
939 2.59763117056131
940 2.60573773108132
941 2.62435808783261
942 2.6075478316221
943 2.62356229393383
944 2.6231585752484
945 2.58422611375656
946 2.57771659749035
947 2.60684432220829
948 2.60465922242589
949 2.59957674661479
950 2.60029239696629
951 2.59710217886381
952 2.58782378530845
953 2.59433452860836
954 2.58003619301859
955 2.59379981112496
956 2.58411887432756
957 2.5769134701966
958 2.57871896334796
959 2.57533585753193
960 2.56684313303026
961 2.57069445020416
962 2.54549783272568
963 2.56461700118079
964 2.55090231165764
965 2.55174569023087
966 2.55985254805001
967 2.53164056686057
968 2.55489663731228
969 2.54542219193937
970 2.54355142526868
971 2.52907195543747
972 2.53615752654452
973 2.54467685573289
974 2.53316666630029
975 2.53038151907919
976 2.5307182776529
977 2.51983975404001
978 2.52140450082068
979 2.49653073664369
980 2.52061361428636
981 2.51670369812583
982 2.51464486037017
983 2.50858967778514
984 2.50672069325048
985 2.49811403076904
986 2.5009783627957
987 2.49639535656661
988 2.4965406430795
989 2.48820177435349
990 2.47452119807116
991 2.49148964207269
992 2.48091323493932
993 2.486983743941
994 2.48970102052345
995 2.46629608762131
996 2.46811632938537
997 2.47162001279733
998 2.47048427820465
999 2.46759838586158
