155 9.41371827334561
0 7.91939431473419
1 7.70755800236606
2 8.14604894664671
3 7.22272705770161
4 8.1413969088553
5 7.47546063400524
6 7.80652974569701
7 8.34894079283184
8 7.79886895014315
9 7.91760498883994
10 7.73446160354807
11 7.97395220002976
12 7.98314027615767
13 8.06852651505213
14 7.8947928650741
15 8.2867896163333
16 8.23878775308327
17 7.72458452688096
18 8.1418958442399
19 7.97555093094644
20 8.3055772877134
21 8.37452572850656
22 7.99356458449205
23 8.51729295439724
24 8.40451080786358
25 8.42119348490182
26 8.78207941609123
27 7.68908202242645
28 8.80869592575316
29 7.90815800959586
30 8.40957830615885
31 7.79833895153591
32 7.74281385731473
33 8.91692296564561
34 8.49200531334592
35 8.43535676267743
36 8.52889880509971
37 8.94634526328211
38 8.98988401759198
39 8.37114708318072
40 8.84778028575899
41 8.45493397158676
42 8.98277811999133
43 9.04459635941106
44 8.44454186124421
45 8.31291283852788
46 8.65109339953718
47 8.39030807664112
48 8.77781849263444
49 8.10940250791028
50 9.08712461261279
51 9.12535214179232
52 8.8378416867296
53 9.13734832237945
54 9.10078668414669
55 8.98931634266106
56 8.86448554276174
57 9.19503352854554
58 8.72220200263181
59 8.9832904190295
60 8.88753842674146
61 8.87843121161821
62 9.46705618838037
63 9.05524161849252
64 9.14677999318878
65 9.38010939981761
66 9.27728301838184
67 9.32569551437081
68 9.43630304581335
69 9.48707707133436
70 9.40426233775271
71 9.21719224312696
72 9.29048087383557
73 8.86270003153306
74 8.82743706425486
75 9.27227761264267
76 9.10270197188045
77 8.74370059193829
78 9.09412842587132
79 9.3761165781455
80 9.34146932121767
81 9.18491488063555
82 9.21673206822867
83 9.26550417367569
84 9.23269738286941
85 9.00545099443795
86 9.09009225348709
87 9.20752194704449
88 9.3454645940075
89 9.32458503488508
90 9.37829172217567
91 9.36301560133547
92 9.18468446964622
93 9.1299359121109
94 8.89558935211677
95 9.157334833219
96 9.27504602655094
97 8.83957936514281
98 8.97613826552483
99 9.34674124951312
100 9.51149962322596
101 9.11727953454633
102 9.18324832196749
103 9.42864067506025
104 9.16452405466882
105 9.36059941031684
106 9.34877424521688
107 9.43956666308536
108 9.20701550236994
109 9.24675962887644
110 9.40172469157124
111 9.21126005420581
112 9.29962710796641
113 9.04337102110548
114 9.47252987630507
115 9.27926231141621
116 9.45842682125737
117 9.48751283729032
118 9.63066174687197
119 9.38277611941322
120 9.62202514048973
121 9.17846620060457
122 9.04400456921244
123 9.58919680940242
124 9.78922857565692
125 9.64687970979283
126 9.33615397132252
127 9.68545499296902
128 9.4302195937841
129 9.44768870852265
130 9.5835019247877
131 9.61792853572116
132 9.72516242570526
133 9.5970147788278
134 9.70316698814646
135 9.63249212647166
136 9.55708312472091
137 9.57972390137092
138 9.73945578201032
139 9.78191423629103
140 9.49429456442478
141 9.5103229743788
142 9.53811955621769
143 9.04270096127302
144 8.74599113441818
145 9.0446501623604
146 9.66531086557051
147 9.16930010321558
148 9.50288641919003
149 9.68382714710492
150 9.55264816068938
151 9.25044681346017
152 9.29273320625899
153 9.38118008606585
154 9.40019000779506
155 9.41371827334561
156 9.15607263328225
157 9.22525313744135
158 9.12696350901707
159 9.10617969985641
160 9.13718359002472
161 8.99742339214739
162 8.90636764939304
163 8.91240687298384
164 8.87954815593367
165 8.83758840669003
166 8.69502943812252
167 8.72030246097243
168 8.61173160538221
169 8.6535511402374
170 8.60830239349188
171 8.51128414991255
172 8.40141417894898
173 8.45794145217682
174 8.40070371461466
175 8.42789380891786
176 8.26109749434787
177 8.20746140420325
178 8.1313186870731
179 8.22023279564802
180 8.18241157796123
181 8.1245912121968
182 8.04713398316743
183 7.99053352513381
184 8.02618646298359
185 8.0449713477177
186 7.87600495008083
187 7.80271943504403
188 7.83087462112856
189 7.81848723291428
190 7.79505501136969
191 7.67217545132942
192 7.6767856613164
193 7.59731007156829
194 7.61483383687061
195 7.62107221637526
196 7.49178472720942
197 7.48153758718988
198 7.4353313549811
199 7.44401844068025
200 7.44735618834565
201 7.28135112840796
202 7.32084302273871
203 7.32447890583523
204 7.29130162344937
205 7.30952650735282
206 7.13747901342443
207 7.10402551380895
208 7.1058335578658
209 7.09881772064415
210 7.08517096869229
211 7.02481202404424
212 7.0378908395889
213 7.0290676844091
214 6.99755824262503
215 7.02555498360397
216 6.89699536502485
217 6.89086926110716
218 6.87679896838992
219 6.87843095021833
220 6.86366679747413
221 6.70826712525318
222 6.70840483574891
223 6.69213870424608
224 6.63700781310248
225 6.63137524189268
226 6.55596381535904
227 6.54280551669582
228 6.51486513145855
229 6.53804260578824
230 6.52300783507499
231 6.43672956338721
232 6.41729004910229
233 6.48896077961593
234 6.41458758038004
235 6.43308249309552
236 6.31572033438969
237 6.35993940363613
238 6.3225519356385
239 6.3263163691864
240 6.31641525770212
241 6.2010669363255
242 6.19895870399383
243 6.20734428252933
244 6.17412991329165
245 6.18250881125238
246 6.15308939938673
247 6.09932883647513
248 6.09833942342321
249 6.10933884332112
250 6.08162953071945
251 6.02838132700603
252 6.03484599339047
253 5.98430251388822
254 5.95395369274213
255 5.97132112200722
256 5.89956218260502
257 5.87520224787362
258 5.8382658807869
259 5.85673316718236
260 5.84919067374555
261 5.7629008319463
262 5.77078744012259
263 5.77000361675776
264 5.72371652011832
265 5.7172484469938
266 5.71028976437935
267 5.63903702368622
268 5.60224851235254
269 5.63568321013293
270 5.64008087854802
271 5.56568278659216
272 5.53623779288208
273 5.54856146694411
274 5.55807527158887
275 5.53532325966982
276 5.48378881592126
277 5.48160776470581
278 5.45772857513134
279 5.41623375621016
280 5.4527828829589
281 5.41348416485604
282 5.36279953454154
283 5.36565854897024
284 5.34742348850161
285 5.35928573463712
286 5.3304101222639
287 5.28821504279121
288 5.27833066547374
289 5.26740428133044
290 5.26668839288704
291 5.20425296262528
292 5.22292037310837
293 5.16905257014641
294 5.17734593195863
295 5.19030067477694
296 5.14819851762215
297 5.10894814921012
298 5.1024285839797
299 5.0878747891092
300 5.08131428311233
301 5.09285770942315
302 5.01779026182894
303 5.01684723125464
304 5.02775567037169
305 5.01485701647655
306 5.01299302541869
307 4.9789072118802
308 4.97141054149971
309 4.97726399787003
310 4.95207228672481
311 4.9045725346852
312 4.92088220607167
313 4.89373229693026
314 4.86686908038243
315 4.85567752043556
316 4.82943748236491
317 4.81672265044882
318 4.79330102219174
319 4.81015474226919
320 4.80488195936037
321 4.74118954894097
322 4.74260186688702
323 4.72816741671532
324 4.74469169281114
325 4.71827536408718
326 4.66665737368601
327 4.66257409245921
328 4.64799984341519
329 4.6706230666547
330 4.64944189160137
331 4.62322361226122
332 4.5800516204566
333 4.08618962878424
334 4.63141304836189
335 4.59001970797448
336 4.57303675448958
337 4.58588764435797
338 4.56548102492927
339 4.55456568904989
340 4.5412502260294
341 4.50555863316725
342 4.49293690608114
343 4.49947108971056
344 4.49345493627412
345 4.48251928243718
346 4.47962100046955
347 4.45647409260574
348 4.43697341052458
349 4.43716170231583
350 4.44215663356115
351 4.38023188766021
352 4.36959346924074
353 4.36327984550432
354 4.38283273617405
355 4.37662657131031
356 4.30444533202037
357 4.32711539356211
358 4.3235371862873
359 4.30707656665931
360 4.31244739589025
361 4.30160077744907
362 4.25578534497712
363 4.25175975823561
364 4.25219294242125
365 4.25077563690524
366 4.25055430951991
367 4.17917332428832
368 4.1896255903849
369 4.18273157177053
370 4.1897521028062
371 4.14692692485353
372 4.16481511930925
373 4.15381995514365
374 4.14416855247449
375 4.12378517610574
376 4.09339183598716
377 4.08945924283597
378 4.07718105245508
379 4.08595903003929
380 4.08477853435029
381 4.04781897046462
382 4.07109113765545
383 4.036134532693
384 4.03080060368621
385 4.01572489565077
386 4.00164191722037
387 3.99607602032579
388 3.97883791917775
389 3.98603104319429
390 3.98216127949083
391 3.9379358963715
392 3.95851247444053
393 3.93380477768252
394 3.9255489221576
395 3.93975189224753
396 3.90147428585114
397 3.91905986172592
398 3.87678201399568
399 3.89326980515743
400 3.88551371451441
401 3.86617657160303
402 3.83124163197257
403 3.86582665440316
404 3.85581463645928
405 3.83525153558128
406 3.82598638515723
407 3.80386806360505
408 3.77512341480845
409 3.79837443045509
410 3.8006540814998
411 3.77685199732802
412 3.78054054920203
413 3.77644263142905
414 3.75939293716304
415 3.76728499052372
416 3.72818970967632
417 3.72298413088374
418 3.70752104975663
419 3.6989660487278
420 3.71569292373775
421 3.71207199080156
422 3.72233371189195
423 3.67573591212489
424 3.67666079823638
425 3.67685640237263
426 3.64208482394708
427 3.63224791676703
428 3.63686905740676
429 3.6298378774546
430 3.63547771425733
431 3.62667647887912
432 3.59694336457595
433 3.6019092245131
434 3.58973453437667
435 3.59032047797436
436 3.60467703769305
437 3.57280223545953
438 3.56420123171958
439 3.56399225144126
440 3.55160862046821
441 3.55153891133595
442 3.52062472457204
443 3.50779397516621
444 3.5169582186748
445 3.52615899999704
446 3.49395040536915
447 3.48767892009446
448 3.4770681015401
449 3.4834033102057
450 3.47726248350277
451 3.46907423615658
452 3.45029972037193
453 3.45026035540555
454 3.4477119186213
455 3.43427674093419
456 3.43972823300584
457 3.40065087993668
458 3.40045165992306
459 3.41021547361765
460 3.41209777841832
461 3.41449551699093
462 3.3748769254398
463 3.37449336635005
464 3.35445587064686
465 3.37246591616657
466 3.34624435098401
467 3.35456616436824
468 3.33602434342254
469 3.35300925847936
470 3.32439988714304
471 3.33477947043783
472 3.30063673627104
473 3.30456308431189
474 3.29142445323743
475 3.30333350261421
476 3.2904718416059
477 3.28279308116984
478 3.26816444502241
479 3.27556205257016
480 3.25715208397104
481 3.23909778627363
482 3.24023665402486
483 3.23347779948006
484 3.24591877337562
485 3.23658607902227
486 3.21050772715754
487 3.21248458288619
488 3.20513947335661
489 3.19451303960381
490 3.20265080842928
491 3.18052042443976
492 3.18924427357158
493 3.16553145552187
494 3.16434350613932
495 3.1676305478628
496 3.13767189425252
497 3.13141085141822
498 3.12774064216386
499 3.12916375766316
500 3.14007983500059
501 3.10302913933381
502 3.11729488290285
503 3.08723097580395
504 3.08509880999202
505 3.08370905616434
506 3.05581652688662
507 3.0629106952972
508 3.0600790868492
509 3.0766750015872
510 3.06016539689367
511 3.05632056025434
512 3.02475746741308
513 3.02393139209066
514 3.02909626736887
515 3.01889415350441
516 3.00460443249943
517 3.00848957117991
518 3.0114388533143
519 2.99417256433453
520 2.99594684217725
521 2.97948832467913
522 2.96929200780668
523 2.97389565422527
524 2.97594947764957
525 2.96380579717262
526 2.93798001822049
527 2.936234652894
528 2.94380753533222
529 2.94357458285009
530 2.94817808302737
531 2.92610811288755
532 2.91120361588568
533 2.91186591633597
534 2.93308510743759
535 2.93472877753968
536 2.91349255221397
537 2.92377191024362
538 2.89820694821466
539 2.90623811832937
540 2.90509307326952
541 2.88113191100793
542 2.88859923673156
543 2.88072713216012
544 2.88641780086167
545 2.8721079126504
546 2.85861332521688
547 2.85520363584154
548 2.87056124430585
549 2.85306266341871
550 2.84937381136288
551 2.85370576353048
552 2.84018874800713
553 2.83368171164143
554 2.82503705450085
555 2.81558428077458
556 2.81452473847795
557 2.79644272485229
558 2.82446707394399
559 2.80526426665448
560 2.80783969188349
561 2.78938775316763
562 2.77503919280503
563 2.77846342746112
564 2.79776723673196
565 2.78193019745353
566 2.77323925747177
567 2.76970629494194
568 2.75766686959183
569 2.75745077584268
570 2.75097005583128
571 2.74345426954716
572 2.73694500705893
573 2.73340024943727
574 2.72438423797948
575 2.74178398417579
576 2.72308222018539
577 2.70507407609205
578 2.69846027200658
579 2.69585563604341
580 2.69444099865023
581 2.68659965744428
582 2.68370557920929
583 2.6770395863972
584 2.66983814096713
585 2.67655936355283
586 2.67038278553043
587 2.65853066402403
588 2.66266342009426
589 2.64575634787173
590 2.65131087480254
591 2.6480545959407
592 2.64348934221159
593 2.63677933829184
594 2.63950665982235
595 2.63143796225388
596 2.62765570976925
597 2.62127772368318
598 2.61597521195086
599 2.62261926220306
600 2.59830017530377
601 2.59838633061882
602 2.59795585778251
603 2.60557945754114
604 2.59343346115588
605 2.58487388759348
606 2.58405513269576
607 2.57121986388491
608 2.57483734493993
609 2.56826375303135
610 2.57833937162412
611 2.56214710620358
612 2.55470089852131
613 2.55490116893406
614 2.54595710075231
615 2.54558348151535
616 2.5253681375081
617 2.53458416211842
618 2.54677060944499
619 2.52721766844422
620 2.53605676566654
621 2.50473975500095
622 2.5100925364997
623 2.52274002622313
624 2.5237657117963
625 2.50827108084255
626 2.49398147744195
627 2.48680301770832
628 2.46749065199735
629 2.46589898965417
630 2.4793236427513
631 2.4740175041233
632 2.45998474839024
633 2.4503882570556
634 2.45321955305336
635 2.45422166221824
636 2.44606076574534
637 2.43789972593721
638 2.43990371623154
639 2.43495590489834
640 2.4357459694793
641 2.43080424842052
642 2.40765399907365
643 2.41839291976749
644 2.40540136780352
645 2.41295383058778
646 2.39578110195029
647 2.39481854385579
648 2.41680744443106
649 2.40083006241258
650 2.40243802720966
651 2.39859028133638
652 2.40502516779998
653 2.39644096859278
654 2.37377107093323
655 2.37684209561861
656 2.37140109911891
657 2.35791847531521
658 2.36960695051233
659 2.36710759098755
660 2.35860119571048
661 2.34225746680205
662 2.34540933307735
663 2.34015755632797
664 2.3480861996786
665 2.34347206573233
666 2.33742476099295
667 2.18524951303867
668 2.32179964319059
669 2.33045671511185
670 2.32644052427271
671 2.32208848771908
672 2.31264384959092
673 2.30921730121311
674 2.30877806513957
675 2.3090708381507
676 2.30384978490012
677 2.30033258588118
678 2.28872111726244
679 2.29203984280656
680 2.27697093914569
681 2.28463455810943
682 2.27848560473572
683 2.28350012579025
684 2.27966238709461
685 2.27213507047654
686 2.28208491747047
687 2.27116797641886
688 2.25678694518484
689 2.25653025690388
690 2.26176485858749
691 2.25724403952431
692 2.26196450297455
693 2.25028659665013
694 2.25069210375178
695 2.2504994407419
696 2.23908502936459
697 2.22989683142987
698 2.22764175297984
699 2.22472452918287
700 2.22009763773434
701 2.22540285729027
702 2.21068048608235
703 2.20992611359862
704 2.21392133575268
705 2.2181920002425
706 2.2121004358606
707 2.20510023858604
708 2.19874384110008
709 2.20601018540582
710 2.19647589433241
711 2.19696994478631
712 2.19345546824013
713 2.18928407391888
714 2.19789247595928
715 2.19302757511604
716 2.20162131046527
717 2.19137978324148
718 2.18453340525641
719 2.18644586030921
720 2.17887876793626
721 2.18634302540113
722 2.18353250482445
723 2.17573530354347
724 2.17945032059631
725 2.16938367680674
726 2.17194876893046
727 2.16244302586673
728 2.16825453603396
729 2.15983785278205
730 2.15298413429018
731 2.13739744852673
732 2.14183937233337
733 2.13908105077012
734 2.14602635532971
735 2.1364968467313
736 2.13186411854006
737 2.12397736878393
738 2.12474269009287
739 2.1225178008141
740 2.12651805638123
741 2.11647466328277
742 2.10969247113694
743 2.1237648750767
744 2.1091105106878
745 2.10814313015467
746 2.10895720914256
747 2.09772143524705
748 2.10592894892084
749 2.1030069326384
750 2.09788661567722
751 2.09592189567539
752 2.07515409484568
753 2.07680288606556
754 2.08253377035568
755 2.07980068977824
756 2.08115187202473
757 2.08128394503109
758 2.07402705404491
759 2.07523044938153
760 2.07008943055824
761 2.06253018604921
762 2.0409016313553
763 2.03784601567673
764 2.05270000528395
765 2.04198437898996
766 2.0393365687211
767 2.02852326729451
768 2.03227013537745
769 2.02677676627351
770 2.0324475445331
771 2.03206597585056
772 2.01817478526319
773 2.01708197446244
774 2.02742493095569
775 2.01725796835406
776 2.01586264369268
777 2.00695979417867
778 2.00528205729867
779 2.00599020473331
780 2.00795050386726
781 1.99663119261249
782 1.99351643787916
783 1.99157583742927
784 1.987322882601
785 1.98107039059988
786 1.9750955188915
787 1.96752752807301
788 1.97671535842271
789 1.98159530590754
790 1.97717454615399
791 1.96774453195641
792 1.96746858173278
793 1.96970482646287
794 1.96754245086216
795 1.97162293864779
796 1.96656923079493
797 1.96807504556135
798 1.95457675412688
799 1.95855733092972
800 1.96024705399138
801 1.95396640771943
802 1.95163483712652
803 1.94474010082483
804 1.95097291936402
805 1.95077993444517
806 1.9363966746355
807 1.93987778388394
808 1.93168899192273
809 1.93435209515323
810 1.93247593277461
811 1.92541023209781
812 1.91721789430618
813 1.92161627748936
814 1.92445905408344
815 1.91879150570928
816 1.91426911387999
817 1.92017688492219
818 1.91698151123783
819 1.90699496039374
820 1.9021545223138
821 1.89801890874188
822 1.90307513972396
823 1.90868033971075
824 1.90470414891732
825 1.90516337607001
826 1.90191080264051
827 1.90561522844909
828 1.9025705597482
829 1.89138843896181
830 1.89187951913917
831 1.88240990983207
832 1.88292600333757
833 1.89545451428873
834 1.89101895683062
835 1.88344698127688
836 1.8690336600439
837 1.86893981743191
838 1.87436519164265
839 1.87359400981649
840 1.86730379382027
841 1.86024833231923
842 1.85748583840645
843 1.85987698043402
844 1.85471855918916
845 1.852484214097
846 1.8340657466284
847 1.84395342426736
848 1.84043695551599
849 1.84932765145548
850 1.84132889094511
851 1.82940096755484
852 1.83278427532555
853 1.83526276643459
854 1.83902758957409
855 1.83561598126306
856 1.83589011031213
857 1.83232605947033
858 1.8381329435153
859 1.82606469894719
860 1.81937982188729
861 1.82033971931343
862 1.82161135854693
863 1.82651872154706
864 1.81945683890538
865 1.8141491987303
866 1.80307581524619
867 1.80699447067376
868 1.81160156812386
869 1.81011022941024
870 1.81661694107865
871 1.80157359975793
872 1.8008155505007
873 1.79960501535613
874 1.80248309859619
875 1.79127527771183
876 1.79612783685273
877 1.79648896505759
878 1.7954785134179
879 1.79031925314051
880 1.78957494372855
881 1.77603493214633
882 1.77399440391622
883 1.78107796933167
884 1.77466366355428
885 1.77597315820583
886 1.77429889011312
887 1.7608391452494
888 1.76569978447684
889 1.76316954401039
890 1.76013207419029
891 1.76567537822039
892 1.76194782010137
893 1.75812781936714
894 1.75624715512275
895 1.75194446824065
896 1.75290734302375
897 1.75426741908572
898 1.75077498033252
899 1.74363198085337
900 1.74209658772106
901 1.73292938607846
902 1.73888882279311
903 1.73366294856847
904 1.73603211919231
905 1.73381355250238
906 1.73323760976703
907 1.73589629619787
908 1.73815924938028
909 1.73261496494557
910 1.73043000865048
911 1.72584852572917
912 1.71805871844127
913 1.72102371971287
914 1.72073537630377
915 1.71799374000651
916 1.71165929638357
917 1.7140508148252
918 1.71056479342634
919 1.70789517198824
920 1.70623244165008
921 1.70611828509764
922 1.70671997930853
923 1.69652880663191
924 1.69047648534364
925 1.70275833308849
926 1.69186263316281
927 1.69302401929167
928 1.68757718805965
929 1.68577410811831
930 1.68689548646847
931 1.68248134510979
932 1.67781880699798
933 1.68632989615385
934 1.67472652909942
935 1.67832695624397
936 1.67338697966502
937 1.67473508624872
938 1.67105011735792
939 1.66966296134576
940 1.66712108786974
941 1.66786744553131
942 1.66661089632849
943 1.66386298898325
944 1.65994665272798
945 1.65790173234861
946 1.65060633984116
947 1.65293647268149
948 1.65845883756815
949 1.65212048364669
950 1.64771407460453
951 1.65177423564747
952 1.64270555556881
953 1.64378162889612
954 1.64182482501044
955 1.64594590474147
956 1.6429776843043
957 1.64248171727292
958 1.63609104509715
959 1.63878434226252
960 1.62662356505822
961 1.63697777423153
962 1.63487533452993
963 1.62775427221766
964 1.62870503944339
965 1.63056854832421
966 1.62507490913301
967 1.62595263215468
968 1.62773270757523
969 1.62057324128504
970 1.62515970747951
971 1.61487388002172
972 1.61688169439102
973 1.61875473232479
974 1.6124445983607
975 1.61109689628817
976 1.60615832459425
977 1.60051498665193
978 1.59699245224639
979 1.60897674627582
980 1.59977589448505
981 1.61022196592889
982 1.60770450405816
983 1.59701982658666
984 1.59181248975246
985 1.5977876920752
986 1.58414388361034
987 1.58869571937172
988 1.58767577788261
989 1.59071732569648
990 1.58741049498563
991 1.57936890275061
992 1.58505511425815
993 1.58209984116582
994 1.58156686797185
995 1.58175338373619
996 1.57817158665227
997 1.5809815326293
998 1.57339555910536
999 1.57848518089806
