244 10.2596075086924
0 6.66373086080409
1 7.29861910184116
2 7.59447507994023
3 7.95405263781985
4 7.88357738823092
5 8.59926438185783
6 8.23258521222166
7 7.78923523495262
8 8.9489773096244
9 8.89398132422257
10 8.63971806286999
11 8.55498188789453
12 9.10172871428304
13 9.11428121846683
14 8.99844325654062
15 9.08861988632198
16 9.10394268511742
17 8.66853905626053
18 8.50625133938402
19 8.72517873478835
20 8.49753770865128
21 8.08483094561714
22 8.96278816306754
23 8.27036602305892
24 8.41623621195032
25 8.87416622116048
26 8.18196025474797
27 8.41232992830703
28 9.06090549387245
29 9.0730154488861
30 9.30438214085011
31 9.07945681383343
32 9.19771581801152
33 9.05644994700881
34 9.11027793760514
35 8.99403043933699
36 9.28289911332881
37 9.06210558251171
38 9.20764585636512
39 9.23329154136456
40 9.06798160147118
41 9.15553048432953
42 9.16351912394308
43 9.35302268310971
44 9.26669161529019
45 8.79417982630157
46 8.92816225161782
47 9.06040680053432
48 9.36369392815759
49 9.30709854737866
50 9.01718356340766
51 8.90323488896035
52 8.86464489584721
53 9.38025809162592
54 9.14059918789818
55 9.09595324178865
56 9.35755572875326
57 9.12458545862021
58 9.12294832166906
59 9.50284187455301
60 9.5310244939632
61 8.47446712108717
62 9.48096412629843
63 8.73565444459659
64 9.03480368611566
65 9.20876893666326
66 8.9066661915277
67 9.22496317323709
68 9.47895202999445
69 9.61653533575097
70 9.11453846493924
71 9.12977829951232
72 8.74602257747525
73 9.5918324789539
74 9.12300838273053
75 9.39232102694028
76 9.57289245346474
77 9.21718913892649
78 8.8812936289246
79 9.54947915939739
80 9.54304430473209
81 9.11514635279542
82 9.29169523115315
83 8.9882040848498
84 9.33393545621295
85 9.1716654057763
86 9.53221374125564
87 9.5870881410095
88 9.26052713388135
89 9.51195416526595
90 9.4977632258064
91 9.58215222876565
92 9.29179933369486
93 9.56264223013355
94 9.56007266742601
95 8.73704743539341
96 9.51135087344787
97 9.18629527680664
98 9.05553224710822
99 9.5960826787839
100 9.64432840605784
101 9.58457339608701
102 9.62609476480791
103 9.77405316142009
104 9.6953014053672
105 9.76939541045027
106 9.80091990142954
107 9.79438106304909
108 9.79055843690325
109 9.79451075531646
110 9.87623256585616
111 9.86866491198638
112 9.86279862232836
113 9.9027868135908
114 9.9036719358106
115 9.89472587221982
116 9.9366250557087
117 9.89094606889585
118 9.93296368786277
119 9.90594728251983
120 9.90364147351025
121 9.92008337455635
122 9.94271136361614
123 9.8986974181016
124 9.95940567307106
125 9.91567700641417
126 9.92382880913064
127 9.93256714909073
128 9.95305458414917
129 9.95305820379055
130 9.91370780680416
131 9.95736200933839
132 9.99469283734811
133 10.0348032021366
134 9.99185121680008
135 9.89869115273502
136 9.94371924750687
137 9.97192509106742
138 9.95720894950181
139 9.99774333365602
140 9.95731581918782
141 10.0218933785598
142 9.9719986675228
143 10.0004055955746
144 9.97612068259271
145 10.0240471449303
146 10.0161991230423
147 9.91547223786897
148 10.0296878442827
149 10.08613000486
150 10.0511338262385
151 10.0720860203815
152 10.0464397265045
153 10.1493705611664
154 10.125905658859
155 10.1080609580033
156 10.160631268597
157 10.1629394323731
158 10.1623073421271
159 10.1310699679308
160 10.1978990517535
161 10.2714429201337
162 10.1990781120937
163 10.1941062464632
164 10.2334883908759
165 10.1139311843414
166 10.1814671836217
167 10.283962562811
168 10.2544602411318
169 10.2491003150477
170 10.2733263945527
171 10.3339927317654
172 10.2296843660971
173 10.2729340274226
174 10.2563672798234
175 10.2534892209338
176 10.3144708308554
177 10.2623620146397
178 10.3401440155237
179 10.3520965737201
180 10.3329383198477
181 10.3590957191467
182 10.3608957686584
183 10.2789462194461
184 10.2899886415718
185 10.3118883758994
186 10.3590859166681
187 10.3465245986948
188 10.3734743335536
189 10.32206148011
190 10.296088603115
191 10.3310992226556
192 10.3285483888316
193 10.3741211693855
194 10.4318951408295
195 10.3572649380195
196 10.4686739011669
197 10.4505883552401
198 10.4408405311774
199 10.4405786475164
200 10.4785801068044
201 10.5063067731951
202 10.4347260396972
203 10.2448867788073
204 10.466723127564
205 10.4459164985765
206 10.4577273564878
207 10.5986207369275
208 10.5405035362694
209 10.5622637861294
210 10.4350980387297
211 10.5608494978167
212 10.5349297113778
213 10.5474082357065
214 10.5675625818644
215 10.583500124858
216 10.5626214939758
217 10.5574925896151
218 10.611478005238
219 10.534400529948
220 10.6051322857731
221 10.6494720211431
222 10.7139988189194
223 10.8139374650621
224 10.7188695245791
225 10.6701684468623
226 10.5034026437279
227 10.7245147139774
228 10.6240819313215
229 10.6569559717668
230 10.7761694205809
231 10.7304866408379
232 10.6896593476416
233 10.680432754588
234 10.6095055268759
235 10.7069047267885
236 10.5321566615766
237 10.4254158120724
238 10.4275766803408
239 10.4151609333365
240 10.461942854194
241 10.3037404618735
242 10.4924035015096
243 10.3787703395688
244 10.2596075086924
245 10.2673246247519
246 10.2149263602698
247 10.2819602665627
248 10.0836940483383
249 10.1145133487574
250 10.1629903803842
251 10.2033500939312
252 10.0698874802094
253 10.0497986654442
254 9.86974237156354
255 9.83167095340088
256 9.77757384217796
257 9.74654967457219
258 9.77517639601285
259 9.77456281785183
260 9.7788690919102
261 9.71231527093596
262 9.58040632483251
263 9.68295090722364
264 9.59095516190752
265 9.64285110279674
266 9.54579532969428
267 9.70916088060943
268 9.66412400944863
269 9.62325074202953
270 9.62729007744355
271 9.34318264352459
272 9.4029925357962
273 9.4327320089739
274 9.39229524074509
275 9.26174307565286
276 9.25674581001807
277 9.13217353192588
278 9.09828084994344
279 8.96007098447996
280 8.94935992259966
281 9.00193132724291
282 9.00873617837436
283 9.12246406073938
284 8.98190181869558
285 8.97049603795838
286 8.99495714882943
287 8.93251357035472
288 8.89706346677252
289 8.90384388432503
290 8.86237070913317
291 8.85169070039987
292 8.74604912956618
293 8.75723279254727
294 8.76280484446881
295 8.63919511205975
296 8.62396599226693
297 8.65073176313326
298 8.54882167108464
299 8.57308487568673
300 8.48570388775654
301 8.6002871866487
302 8.46910951068774
303 8.53354401947342
304 8.47270672778318
305 8.55614865847643
306 8.51790331507253
307 8.41140562706922
308 8.32407688957941
309 8.29237559288017
310 8.2870374015152
311 8.25512961854188
312 8.29799426456279
313 8.22949950614624
314 8.32822156597794
315 8.14112385239571
316 8.23498990345166
317 8.13713665164829
318 8.10764578964219
319 8.1404875989898
320 8.10863065929891
321 8.10274242000109
322 8.06649679876622
323 8.10029325830001
324 8.07883232988512
325 8.01090585223073
326 7.9603992405294
327 7.9515798988107
328 7.93623426272928
329 7.97172886896106
330 7.91719843662345
331 7.90054400136717
332 7.8468892696621
333 7.85311270250857
334 7.79697428673623
335 7.76564557493062
336 7.700668610479
337 7.77135511229565
338 7.73752131080245
339 7.67308371247334
340 7.62663323220509
341 7.65982158094339
342 7.62906959338144
343 7.5887798755148
344 7.52226519403832
345 7.56541755682956
346 7.51495534813299
347 7.52153077897073
348 7.52786251665562
349 7.51849179479403
350 7.48121548312992
351 7.51355294269772
352 7.42843740271105
353 7.36586143730162
354 7.38011494371431
355 7.28390235814257
356 7.36683196876611
357 7.23799217800555
358 7.277242205803
359 7.2397259073623
360 7.27001916635615
361 7.27760165419664
362 7.15650107638661
363 7.24703276907549
364 7.22278853127187
365 7.21343990587409
366 7.12781835338956
367 7.1314563850823
368 7.15615816866092
369 7.10372771979697
370 7.11996850574375
371 7.03399191322585
372 7.01524425234968
373 7.02526012526262
374 7.04206179985825
375 6.98201030300572
376 7.01018910903376
377 6.98207353630927
378 6.97051111945656
379 6.94206378109787
380 6.97160401337043
381 6.98776967373137
382 6.95619051709972
383 6.94078649755558
384 6.94940207437637
385 6.91299851419246
386 6.89958435384572
387 6.88428427725922
388 6.86847871349314
389 6.82015029325445
390 6.81045103173834
391 6.79810689213695
392 6.80060019022755
393 6.78813427687824
394 6.76635891223359
395 6.73982166049939
396 6.72654848339262
397 6.67701278623751
398 6.69313049365198
399 6.61319135862058
400 6.62992904232115
401 6.61046910059761
402 6.61641648147731
403 6.58171046774458
404 6.58931913976149
405 6.5432153517777
406 6.49450302436441
407 6.4434296442017
408 6.4334318154812
409 6.45316111084847
410 6.4577908242143
411 6.43485520485562
412 6.39826226068124
413 6.49351606881877
414 6.47773174663464
415 6.46393099005178
416 6.39849337181088
417 6.37774887374476
418 6.41427938715508
419 6.35115481934442
420 6.34764748224048
421 6.35140243849374
422 6.3324990504701
423 6.3569900527847
424 6.35020689651172
425 6.28585916260273
426 6.30810879397112
427 6.22520833984914
428 6.31070262533845
429 6.31487475303924
430 6.27820812713383
431 6.27177665015915
432 6.253399658132
433 6.20804477968188
434 6.16454043795101
435 6.14568689880618
436 6.14694196163612
437 6.14577901823909
438 6.12892996673272
439 6.10509092882263
440 6.09503917234076
441 6.08824892121132
442 6.05587008951504
443 6.02993732280984
444 6.05599538237163
445 6.0558556845189
446 6.02305035038837
447 6.06780182221804
448 6.02477070112384
449 6.02918910934587
450 6.02265007058135
451 6.00030979075257
452 5.94308383436707
453 5.93644683507978
454 5.93053393884794
455 5.93785298568702
456 5.9155307451667
457 5.94159813243588
458 5.92074889978154
459 5.91614102748261
460 5.88920188530911
461 5.83673128814468
462 5.8129669736473
463 5.83245207915693
464 5.83248688206993
465 5.82282361156145
466 5.7518227120442
467 5.79995258234182
468 5.75774964020997
469 5.71239371292293
470 5.70843709468933
471 5.71056052992005
472 5.69610002208757
473 5.71134765322774
474 5.70022979916044
475 5.69124768830456
476 5.66927716037667
477 5.66954346314963
478 5.6334507094438
479 5.57980413590097
480 5.64801843058344
481 5.60324953708085
482 5.61134023593618
483 5.57301551496554
484 5.55046235308827
485 5.56975307005719
486 5.55430044299712
487 5.53148479061468
488 5.53092166289764
489 5.48864591301451
490 5.51339005345425
491 5.48416764938387
492 5.41066302005423
493 5.46756199566823
494 5.47481105383512
495 5.46944876737033
496 5.44339060906127
497 5.40484167721816
498 5.4171278542663
499 5.4001652708782
500 5.38784074411624
501 5.38014013230436
502 5.38431313065437
503 5.38919795372805
504 5.38093639216703
505 5.35348377891787
506 5.30301899272029
507 5.32786986172799
508 5.27772121112545
509 5.33343372722101
510 5.25726974593654
511 5.23861312122853
512 5.1968495078157
513 5.2642993680759
514 5.21126694857586
515 5.15993995464358
516 5.15580480514792
517 5.18875968255565
518 5.18882165882994
519 5.16231088447737
520 5.19957847888386
521 5.22474852520876
522 5.19846689681038
523 5.13459992291048
524 5.0871612401505
525 5.12696742465463
526 5.09675459449192
527 5.11850115514863
528 5.0847804095959
529 5.06348698958316
530 5.03108134266474
531 5.06723278715811
532 5.06590019343076
533 5.00593406163266
534 5.07179888390217
535 5.03023223467652
536 5.04631605586239
537 5.01942720722359
538 5.04824239475182
539 5.04668082574036
540 5.03504053813024
541 5.03004617660657
542 4.98888640370641
543 4.96621328283698
544 4.96645300376409
545 4.98841969256035
546 4.96906033622527
547 4.92752773192125
548 4.94514374571937
549 4.95046218158499
550 4.95807651807652
551 4.88949612947031
552 4.89623468846121
553 4.91688003461257
554 4.8806836491414
555 4.90763642447423
556 4.87216762347071
557 4.875783273342
558 4.88106599793447
559 4.87067774588887
560 4.8029044050257
561 4.82548923644772
562 4.80344095159416
563 4.79315222498309
564 4.75881401200125
565 4.78064419098036
566 4.77862061743518
567 4.75845409158125
568 4.74618223186529
569 4.73695763755417
570 4.73966500125708
571 4.73829996050446
572 4.72645022090037
573 4.73329314017442
574 4.71195151669164
575 4.68594964486324
576 4.70777445051498
577 4.67444939597673
578 4.64424721410304
579 4.66185016784231
580 4.63425727296876
581 4.66052342412065
582 4.6529032965529
583 4.6333458076451
584 4.65405969476148
585 4.63239294785792
586 4.64181403773506
587 4.58086901155738
588 4.5813503834382
589 4.58027352335221
590 4.59967874165552
591 4.60600460133057
592 4.57905964405059
593 4.5598491106171
594 4.55824970150699
595 4.55260379587528
596 4.53346732504652
597 4.50387700167347
598 4.52727404011018
599 4.54129788762391
600 4.51704452264085
601 4.49965233182649
602 4.50947841138365
603 4.50777009415526
604 4.46667117659741
605 4.46564062491587
606 4.4842226544792
607 4.44527989326757
608 4.41898844713572
609 4.45563121227478
610 4.44173938911923
611 4.43179850156244
612 4.43155254071139
613 4.43743058983531
614 4.37348403549601
615 4.41900789029189
616 4.37243787545059
617 4.39938266512119
618 4.41573279532319
619 4.39288982676845
620 4.37682552491638
621 4.36560727543987
622 4.33575165363443
623 4.34668579625606
624 4.33239180575381
625 4.32343029689284
626 4.3297944613972
627 4.3272222942066
628 4.29124471630663
629 4.32043459337914
630 4.2896000569266
631 4.30366929442416
632 4.28452354953775
633 4.2800285749428
634 4.27907029649168
635 4.26406503849703
636 4.2612226643003
637 4.25402376077417
638 4.24616817120756
639 4.24402374043048
640 4.24087021269647
641 4.22551346046854
642 4.22700161140476
643 4.22684378934441
644 4.22218364541848
645 4.21387326357293
646 4.21571538289491
647 4.17951285596298
648 4.21366597992047
649 4.19307382129576
650 4.18698772807768
651 4.16743542075463
652 4.16217231659812
653 4.15749081642771
654 4.15096174693567
655 4.14513657095447
656 4.15386014647038
657 4.15619920217806
658 4.15658062075092
659 4.12566021136713
660 4.1256071927575
661 4.12741977151321
662 4.12224384264973
663 4.1161989684413
664 4.10079228427012
665 4.10246335346733
666 4.09438818731101
667 4.07770606286783
668 4.05997685281421
669 4.07017963533975
670 4.06855214659219
671 4.07023154156365
672 4.05034443050257
673 4.0442974577171
674 4.0425626590604
675 4.05112923288869
676 4.05262383605576
677 4.03358023807068
678 4.01291552682848
679 3.98851048476468
680 4.00368466103953
681 4.01938879037436
682 3.97838490054573
683 3.9822069090049
684 3.98185276450157
685 3.98415271288139
686 3.95837721311859
687 3.96415773983844
688 3.94472986605918
689 3.9441731683459
690 3.96451836300252
691 3.94502199268763
692 3.94229389365744
693 3.92776003014391
694 3.94046931331404
695 3.92086677111749
696 3.92622921451702
697 3.92014172987495
698 3.90844514144927
699 3.90887399684171
700 3.89745188178383
701 3.91224867004454
702 3.90081922374356
703 3.88443226510617
704 3.86976144108436
705 3.85894795928856
706 3.86742111338947
707 3.84995746245905
708 3.85628132875947
709 3.84695510694616
710 3.83890996970478
711 3.8560953717524
712 3.84607498696492
713 3.81332020253394
714 3.84345080530608
715 3.82646982522052
716 3.81949806575987
717 3.82780162204416
718 3.82726927377911
719 3.8190566209137
720 3.81107469063873
721 3.80637347025275
722 3.80757556417272
723 3.81073228845333
724 3.77487907676381
725 3.78152180971817
726 3.76850247374361
727 3.76458632862023
728 3.75998508550436
729 3.75061579179493
730 3.76160133655919
731 3.74330680961704
732 3.73975503604934
733 3.74055930084985
734 3.70735368253066
735 3.71074603685578
736 3.72737006820074
737 3.70398920591853
738 3.71540287820033
739 3.70700895115636
740 3.67823844936537
741 3.70790204545976
742 3.66151933411262
743 3.70066860983188
744 3.69675678265821
745 3.69464840879457
746 3.69047133846856
747 3.67529437279869
748 3.6738994947868
749 3.6438494193688
750 3.63186399436435
751 3.65453937095025
752 3.64689237540511
753 3.63037173400125
754 3.64044154013965
755 3.62589377481056
756 3.62484133281922
757 3.62794807199738
758 3.61996936587777
759 3.62354313068004
760 3.6067428868172
761 3.61094410741528
762 3.5939102422369
763 3.57831708917368
764 3.60016606271505
765 3.5983239324419
766 3.57156911564383
767 3.5821369790542
768 3.57077134605865
769 3.52776982536502
770 3.57398288336765
771 3.54011695929126
772 3.55793309909554
773 3.55546231494953
774 3.55434141441847
775 3.55707668343074
776 3.53269857992882
777 3.52588711385991
778 3.54032509531637
779 3.54014260289213
780 3.51658359493081
781 3.53203613473936
782 3.51077180345184
783 3.51273263054566
784 3.51523409748262
785 3.48887735417282
786 3.4936230334285
787 3.48952226164386
788 3.4945983053959
789 3.48082838515552
790 3.47212056592794
791 3.49139939866194
792 3.46198666001085
793 3.49541730742453
794 3.46471491442187
795 3.43768783378302
796 3.46322162135759
797 3.45651017066854
798 3.4449657009486
799 3.43583229958407
800 3.42423700819154
801 3.44169195805524
802 3.43875061311975
803 3.43772820782222
804 3.42042715045749
805 3.42273130938804
806 3.4168021395001
807 3.39785653976117
808 3.41065256899444
809 3.40794213330035
810 3.40716063675598
811 3.40796409420322
812 3.37003822285695
813 3.39618386675472
814 3.38403806633974
815 3.3722142013618
816 3.36306987172587
817 3.36929412895141
818 3.35187154503965
819 3.37650492656008
820 3.36489396134308
821 3.36033702980437
822 3.36910748285134
823 3.34610760279477
824 3.34964147884073
825 3.3099436645167
826 3.34679380883551
827 3.32675446473585
828 3.33785614761354
829 3.33641293404259
830 3.30942084532865
831 3.31319675571924
832 3.31566763658389
833 3.32033212453645
834 3.31507594752716
835 3.28141035934221
836 3.30815465662433
837 3.30718794154826
838 3.26459098576056
839 3.28005818665572
840 3.28369909435214
841 3.2826939532487
842 3.28007145422134
843 3.26744310050377
844 3.27133041763733
845 3.26047356989739
846 3.26586359576558
847 3.24358473817792
848 3.22687253691521
849 3.22236669692217
850 3.19658308433033
851 3.24129455551313
852 3.24631688211496
853 3.24872397629504
854 3.20620030650609
855 3.18511507710964
856 3.19989511117648
857 3.19173493726291
858 3.21188334541289
859 3.18639899225663
860 3.18586941062963
861 3.20278020507747
862 3.20051385698308
863 3.18314241172568
864 3.20110157828831
865 3.19970468965202
866 3.17194214010027
867 3.17944216262183
868 3.15405376088038
869 3.16955383629252
870 3.18298044689854
871 3.16190753852056
872 3.16219076354396
873 3.17014364396611
874 3.16653664284103
875 3.14008550934037
876 3.15988825735884
877 3.13457881435004
878 3.15005473810165
879 3.14782942196303
880 3.1449468448027
881 3.14647609797621
882 3.13437625396922
883 3.09775251339711
884 3.10954986907423
885 3.1181850197357
886 3.0960264596312
887 3.11571546485422
888 3.1132671717561
889 3.10352511322217
890 3.1166779900588
891 3.11130854698119
892 3.10235229144772
893 3.09717820428939
894 3.08571796290974
895 3.0700524291935
896 3.06502413410893
897 3.06698126594364
898 3.08477237645852
899 3.07384577569286
900 3.06457907919318
901 3.07313156095911
902 3.06093273525248
903 3.04182934960428
904 3.06032100678728
905 3.04709189771991
906 3.0525177164834
907 3.03911275181491
908 3.009828971097
909 3.02963881149188
910 3.02178538945759
911 3.02917647989855
912 3.0382829498272
913 3.02642285340078
914 3.01332215790386
915 3.021594058268
916 3.00513180330407
917 3.00456047954363
918 3.02117319825029
919 2.97697061285113
920 3.00432440902831
921 2.99031677697365
922 2.9928171136082
923 2.99680617970146
924 2.99023615889153
925 2.98532006816384
926 2.97771339500175
927 2.98448056659638
928 2.95734956127808
929 2.95656851336118
930 2.96959566544042
931 2.96649628469496
932 2.95754562683014
933 2.94545785926711
934 2.9550757750255
935 2.96061687486136
936 2.94861053848965
937 2.92992011957655
938 2.92303300210566
939 2.9049986378974
940 2.93100673959912
941 2.91167206566623
942 2.91922051252513
943 2.91921475206348
944 2.89481978331747
945 2.91484825510505
946 2.90257894827688
947 2.89961658175765
948 2.88010581820992
949 2.90262866479006
950 2.89946805387302
951 2.88934996712985
952 2.89418174060012
953 2.87538093059798
954 2.88774978943921
955 2.88503252481263
956 2.87236978433092
957 2.86017426740377
958 2.84554913779202
959 2.87568343493646
960 2.87844085515283
961 2.85566064158495
962 2.88031814737862
963 2.87977480780867
964 2.84109427339592
965 2.83972054846486
966 2.8595366892468
967 2.85524615741975
968 2.85076580235894
969 2.84784915415388
970 2.83917525933618
971 2.84144373867896
972 2.83019920089654
973 2.84033399122471
974 2.81353656601196
975 2.81627398714306
976 2.79993090271475
977 2.82948218086516
978 2.81312185757114
979 2.82939069588098
980 2.81955576521838
981 2.83144794018947
982 2.82016953462539
983 2.81015696107469
984 2.80481505537746
985 2.7963589353752
986 2.81212975761703
987 2.79695964479538
988 2.79435156167222
989 2.78949244901351
990 2.78307089514731
991 2.79147270087135
992 2.77972493814925
993 2.78453801158464
994 2.77278753149597
995 2.77141702879468
996 2.76494375568074
997 2.7804343308496
998 2.76935456558232
999 2.78157627556967
