68 8.40528645117125
0 6.01610172667742
1 7.47415814659219
2 7.23427335040821
3 7.53440922697161
4 7.66350805853195
5 7.74689259091886
6 7.86887462383643
7 7.26105264582186
8 7.83270845867853
9 7.64187540164611
10 7.47771656230923
11 7.59559269622539
12 7.47645413679647
13 7.89603422830976
14 7.29706911663163
15 7.84251187698314
16 7.81903784480344
17 7.4910229326811
18 8.18044214389236
19 7.17106399157131
20 7.97996761742256
21 7.56746759601882
22 7.82732144994481
23 8.05411177396682
24 7.60220077743451
25 7.96135618641804
26 8.59751118226068
27 8.36252457238662
28 7.5243787940439
29 8.75217089204626
30 8.388439773553
31 8.04780778963461
32 8.67419671654433
33 8.62075580325387
34 8.05346060977991
35 8.22717592402624
36 8.41615856834474
37 7.85515987708783
38 8.09334773982991
39 9.16627976015788
40 8.238292991395
41 8.61052795511042
42 9.06184228584749
43 8.49407755191254
44 8.51911965823007
45 8.31054318308733
46 8.04542542247396
47 7.83022488783933
48 7.84581737714569
49 8.09695375414165
50 9.21202974491973
51 7.95292758201865
52 8.50723164218507
53 8.31424245657778
54 8.11856116785324
55 8.20234195090647
56 7.87454103338655
57 8.31554660243512
58 7.6491842288293
59 8.3619279722771
60 8.19938879689668
61 8.536668937173
62 8.66449249209319
63 9.13598183370429
64 9.01083467342429
65 9.1849372288047
66 9.09574163139781
67 8.46017100701555
68 8.40528645117125
69 8.34299224436847
70 8.63781951514535
71 8.44732945144219
72 8.31608859062116
73 8.27368254941642
74 8.11575827154574
75 8.05994910308264
76 8.02000776849931
77 7.83085837648219
78 7.77372198242423
79 7.69650636140795
80 7.60627853576705
81 7.51186033480529
82 7.45640100369438
83 7.27430264151997
84 7.31670409128358
85 7.19795764456493
86 7.2028332844802
87 7.03917379008975
88 7.04927313787601
89 6.90014448483369
90 6.78636900142084
91 6.78532709938026
92 6.73059309748497
93 6.59688857647236
94 6.5694972217098
95 6.51750454551408
96 6.49902443177143
97 6.34985292561781
98 6.31695978794726
99 6.24810705735363
100 6.22517754220414
101 6.1123423172421
102 6.09350095563459
103 6.00271224790156
104 5.96055786894755
105 5.91910663645216
106 5.89063455361502
107 5.81948372158743
108 5.80377865319449
109 5.72886423016877
110 5.72798145917242
111 5.6232576136949
112 5.61529958985926
113 5.54196026870383
114 5.51526719095576
115 5.45215338789948
116 5.43306273007791
117 5.36617090176332
118 5.32449127300776
119 5.26751833462776
120 5.25588908701873
121 5.19772322693772
122 5.1744590014044
123 5.12428845573509
124 5.11396600249894
125 5.03020588524369
126 5.02859308603814
127 4.95868131336527
128 4.94892135817679
129 4.89948572740026
130 4.87579174262746
131 4.8171490947628
132 4.81857691857205
133 4.74681094159554
134 4.73634813335089
135 4.70199161327878
136 4.65574349299853
137 4.62605309250759
138 4.59252043974691
139 4.56429324141353
140 4.54614424180037
141 4.50802124701764
142 4.49845067327336
143 4.445740230389
144 4.44055080746016
145 4.37877402107944
146 4.38629432899044
147 4.31480592907837
148 4.31447330741806
149 4.25581181624462
150 4.25003994854906
151 4.22943963882602
152 4.20977112327729
153 4.18022975531626
154 4.15396322895785
155 4.11752886786949
156 4.09876820272346
157 4.08350869693421
158 4.04756394883642
159 4.01264046869191
160 4.00410874994317
161 3.95971720886411
162 3.94209628403725
163 3.92758839317914
164 3.90776709166138
165 3.86897422594426
166 3.8639539066288
167 3.82965234265994
168 3.82152058225386
169 3.79294198012384
170 3.77789652989965
171 3.752135001208
172 3.73577752143021
173 3.68934489841394
174 3.70386802218929
175 3.66756233021629
176 3.65140094833015
177 3.63195255683139
178 3.61783370153427
179 3.58740560264386
180 3.57186534105163
181 3.53749343140879
182 3.53466172850444
183 3.50853877378765
184 3.50152694506778
185 3.46831324153023
186 3.46753742360911
187 3.43704402839954
188 3.42569547055858
189 3.39662127168741
190 3.40320996301931
191 3.35522684502921
192 3.35598047841375
193 3.32231893440425
194 3.33045788898312
195 3.30790225480644
196 3.28870974283178
197 3.25827847092328
198 3.2583285118556
199 3.23574938987436
200 3.23622651562692
201 3.19870488103854
202 3.19339005877049
203 3.17426473786306
204 3.16900644595407
205 3.13435704933709
206 3.14092517733805
207 3.10660020256607
208 3.10312774088416
209 3.08734955941153
210 3.07664309519265
211 3.06201192083925
212 3.05449290891878
213 3.0271579588489
214 3.01925650445661
215 2.98961398583165
216 2.99082239311165
217 2.97459616588176
218 2.96273185015988
219 2.95489654672038
220 2.94437055709324
221 2.92127322822988
222 2.91724942721916
223 2.89981390008689
224 2.88704717104658
225 2.86520925408986
226 2.86344072436963
227 2.84473768007653
228 2.83978014231807
229 2.82418202419023
230 2.81803919432559
231 2.79882693421746
232 2.78835763264803
233 2.76956124830598
234 2.76367859852757
235 2.75235216763677
236 2.73839669360502
237 2.72627825706905
238 2.71524222826325
239 2.70418529966626
240 2.69521700746933
241 2.68509375009888
242 2.66882785156646
243 2.66646237437205
244 2.65103184027731
245 2.6395914962271
246 2.63320902654066
247 2.61164590382882
248 2.60938476748671
249 2.59264200217267
250 2.5927746972227
251 2.58030717163018
252 2.5721003013269
253 2.5585953088882
254 2.55752439374167
255 2.53746367695576
256 2.53103721923088
257 2.52436047477298
258 2.51244966636106
259 2.50783490156596
260 2.4931425143613
261 2.48452723597735
262 2.47583214345444
263 2.4643893743266
264 2.46206365443507
265 2.44913627372924
266 2.43694236231909
267 2.43477843707917
268 2.42740281482972
269 2.41688438507372
270 2.40267335132526
271 2.39323598389654
272 2.38875349776565
273 2.38314095207092
274 2.37189254717884
275 2.36573738765523
276 2.35723924624735
277 2.3445923130983
278 2.33731342212867
279 2.32598191241564
280 2.32314395968424
281 2.31178871265702
282 2.30511514343151
283 2.29967211428705
284 2.28843620832272
285 2.27917225348602
286 2.26876625208985
287 2.26579587388423
288 2.2598130805238
289 2.25272067453365
290 2.24113873903177
291 2.23493618056207
292 2.22987775453269
293 2.22256580640348
294 2.21377789209117
295 2.20662559587237
296 2.20173555096771
297 2.19409964394538
298 2.18551934165958
299 2.16898274212506
300 2.1685947571804
301 2.16264948791379
302 2.16149345800917
303 2.14265804896322
304 2.14381252793639
305 2.12642553121066
306 2.11384140662665
307 2.12471176149354
308 2.11398754035812
309 2.10671411447454
310 2.10497306471966
311 2.08819515197986
312 2.0938061808745
313 2.08098979094883
314 2.07579484467285
315 2.06968542066601
316 2.06521386641324
317 2.05823185933786
318 2.05246309054832
319 2.04198163659901
320 2.03291691127245
321 2.02493640552914
322 2.02431011888506
323 2.01683429696922
324 2.01499209726466
325 2.00596851782937
326 2.00425049491067
327 1.99869010712655
328 1.99313098366203
329 1.98276590916895
330 1.978607638504
331 1.9694633672343
332 1.96557551547006
333 1.96228503910397
334 1.85609666716706
335 1.94593244141504
336 1.9445556695813
337 1.93480661626155
338 1.93057773522448
339 1.92294385805319
340 1.92241430720546
341 1.91339254830931
342 1.90877036132071
343 1.90471690776103
344 1.90102247359473
345 1.88749570683141
346 1.89171703960567
347 1.88033017851451
348 1.87811161216311
349 1.87105056805984
350 1.86771119281394
351 1.86091410273503
352 1.85274851045983
353 1.84660669325512
354 1.84597804405404
355 1.84112583643188
356 1.83415092627201
357 1.82618681986074
358 1.83189596784589
359 1.82186388639479
360 1.81999438572435
361 1.81231208056908
362 1.80735165721891
363 1.79816401253466
364 1.79539844838459
365 1.78916760930219
366 1.78632640733525
367 1.78113711404253
368 1.77846376746753
369 1.76812674463734
370 1.76977927949432
371 1.76097804987618
372 1.75379254743313
373 1.75176771207672
374 1.74946895759076
375 1.74486803004907
376 1.73987104815507
377 1.72779432659306
378 1.73437830994191
379 1.72495900797188
380 1.71972721846365
381 1.71782489994349
382 1.71123984291677
383 1.70837251656862
384 1.70771381901608
385 1.69717458715963
386 1.69690204375828
387 1.69051760050625
388 1.69146845354364
389 1.68044842621858
390 1.68100235954045
391 1.66888380420739
392 1.66916818824478
393 1.66616882393444
394 1.6582466860655
395 1.65427249032322
396 1.65387386696522
397 1.64644000448423
398 1.64516115361629
399 1.64333813846433
400 1.63652236301419
401 1.63488195110059
402 1.62971424563026
403 1.62549425873132
404 1.62222673297292
405 1.61336624191201
406 1.61354059431654
407 1.6081268886915
408 1.60550223391256
409 1.60166839772282
410 1.59417217857947
411 1.59463022010345
412 1.58797618430784
413 1.58160635207887
414 1.57972676274825
415 1.57614657107236
416 1.57123967081169
417 1.57185724114032
418 1.56571892881875
419 1.56059667766086
420 1.55843463097909
421 1.55382285769722
422 1.55315595375179
423 1.54311517164025
424 1.5418233445662
425 1.54105095638819
426 1.53535612019686
427 1.53487579767439
428 1.52936133720217
429 1.52313416461712
430 1.52302556411187
431 1.51473235924508
432 1.51558749578006
433 1.50927624464177
434 1.5046826513599
435 1.5038422930883
436 1.5042554097802
437 1.49987691820616
438 1.4939455971055
439 1.48920761019519
440 1.48750767290837
441 1.47966837333065
442 1.47993647659796
443 1.47614899388055
444 1.47188490779184
445 1.46946526102038
446 1.46605462209722
447 1.46496694081664
448 1.45943610058
449 1.45811857426001
450 1.45384674839958
451 1.45133770993806
452 1.44663032260888
453 1.44584466107509
454 1.44139291584398
455 1.43800182262604
456 1.43551996659858
457 1.4324521316784
458 1.42626468565262
459 1.42462021708194
460 1.42665352745473
461 1.42022991455314
462 1.41748164813179
463 1.41352065945392
464 1.41262763389163
465 1.40862277985886
466 1.40730877206835
467 1.40180297737007
468 1.4010088489122
469 1.39761049438358
470 1.39391582022551
471 1.39183123776914
472 1.38781522987052
473 1.38572975599579
474 1.38481362657613
475 1.37973178907217
476 1.37621805436998
477 1.37133597624879
478 1.37331181625504
479 1.36930105189547
480 1.3635881422374
481 1.36292059501638
482 1.36174373609343
483 1.35524484635248
484 1.35177668415143
485 1.35037739373911
486 1.34930630086933
487 1.34282875901065
488 1.34342656264803
489 1.33792118044459
490 1.33703459300739
491 1.33323258356229
492 1.33039838905176
493 1.32858832633568
494 1.32439463765364
495 1.32107338943833
496 1.32329374145057
497 1.31759846384415
498 1.31699445733859
499 1.31165693419611
500 1.30937313906693
501 1.30722870381609
502 1.30483139311641
503 1.30248990563122
504 1.30013662509878
505 1.2948109847542
506 1.29473758608544
507 1.29097760898096
508 1.28654509951916
509 1.28758361603329
510 1.28349016651171
511 1.28035134740457
512 1.2810473637481
513 1.27640990343002
514 1.27575025474954
515 1.27155528530784
516 1.26923697115807
517 1.26562681870192
518 1.26335577012315
519 1.26155595622332
520 1.25907898332501
521 1.25933716009023
522 1.25636237136679
523 1.24976272930521
524 1.25206426940012
525 1.24745641506666
526 1.24657154107512
527 1.24537151124087
528 1.24201161855629
529 1.24123492574808
530 1.23925985299241
531 1.23546991216855
532 1.23260574078336
533 1.22925886339176
534 1.22964162063606
535 1.22618631269268
536 1.22338570029546
537 1.21949487156559
538 1.21965242101525
539 1.21747829094628
540 1.21581005564814
541 1.2120953806109
542 1.21233004187321
543 1.20522651260988
544 1.20363027601805
545 1.2036775351491
546 1.20202254266126
547 1.19723507855979
548 1.19703952172431
549 1.19228868137313
550 1.1931634091493
551 1.19084908079913
552 1.18909381812494
553 1.18365938334655
554 1.18606145083193
555 1.18261297524128
556 1.18179565299314
557 1.17783916049412
558 1.1763184667438
559 1.17189912116363
560 1.17279674302743
561 1.17109099852999
562 1.16684781235801
563 1.16428281516978
564 1.16235063666445
565 1.15842912978354
566 1.15778401423872
567 1.15590952703264
568 1.15585546109713
569 1.15192124401963
570 1.14988738732351
571 1.14967308702508
572 1.14871994478829
573 1.14539019094686
574 1.14361802009069
575 1.13886453136756
576 1.13938885893369
577 1.13603485526783
578 1.13553608253101
579 1.1336636650609
580 1.13145047318968
581 1.12871307586211
582 1.12718468884269
583 1.12589694336093
584 1.12371206339368
585 1.11972829675548
586 1.12091400518198
587 1.11458246070788
588 1.11668527875271
589 1.11400792711242
590 1.11239543922817
591 1.10947598000616
592 1.11028060188553
593 1.10783711155641
594 1.10577084981834
595 1.10043309117888
596 1.10062343978439
597 1.09952115081211
598 1.10012712254754
599 1.09635756572026
600 1.09328413523816
601 1.09131031876308
602 1.09240023133444
603 1.08951801390105
604 1.08604184842498
605 1.08566739035508
606 1.08163426678723
607 1.08157040538579
608 1.08021124060935
609 1.07719385018883
610 1.07527596423733
611 1.07618506730622
612 1.07351679116443
613 1.07083402860913
614 1.07066329910004
615 1.06580420645771
616 1.06604911507129
617 1.06352261584477
618 1.06288092894744
619 1.06064503535054
620 1.05947593762111
621 1.05789803246667
622 1.05201113683849
623 1.04798872688127
624 1.04664237196599
625 1.04785667670269
626 1.04436676198117
627 1.0397142637752
628 1.04149551299541
629 1.03933837398691
630 1.03857937887553
631 1.03602080288466
632 1.03494290064383
633 1.03375821734084
634 1.03280321371891
635 1.02778543773073
636 1.02798965830464
637 1.02600859787244
638 1.02457759080604
639 1.02322351791981
640 1.02025073918328
641 1.02050954681314
642 1.01950421252801
643 1.01642606605526
644 1.01607290636625
645 1.01439478886182
646 1.01313583723739
647 1.01006838229202
648 1.01007550246585
649 1.00617590932684
650 1.00637951404135
651 1.00464323507465
652 1.00360448582316
653 1.00225173891994
654 1.00076806575341
655 0.99854697136993
656 0.997377218854546
657 0.994057389916155
658 0.991982260338364
659 0.992483583754071
660 0.9909288801261
661 0.990283930731689
662 0.987434633347646
663 0.986099950204574
664 0.984559269136785
665 0.982006968240296
666 0.983072688131673
667 0.979853844518152
668 0.977219580888806
669 0.976044390176707
670 0.973806743468053
671 0.973041857200134
672 0.971787575735397
673 0.969336081965957
674 0.969302737983801
675 0.967120586232216
676 0.966596260853472
677 0.963818965025347
678 0.961742764695466
679 0.961823756144259
680 0.959980829337238
681 0.95886488527265
682 0.956958452811356
683 0.956720278224267
684 0.954481456466725
685 0.953833704245123
686 0.950972600253155
687 0.950724894894975
688 0.948102373874982
689 0.948249515578749
690 0.945637967829453
691 0.946555469295518
692 0.942771606732259
693 0.942509661312295
694 0.94132391567073
695 0.93905088439035
696 0.938112156176432
697 0.935268547858648
698 0.932985549001243
699 0.933079758500852
700 0.932944267267872
701 0.930284942390372
702 0.930057875289361
703 0.926741371916923
704 0.924326409071224
705 0.926545069106445
706 0.92678387187266
707 0.923585235931023
708 0.922211394268622
709 0.920679156937027
710 0.92023481490235
711 0.917889254718775
712 0.915904586870797
713 0.916106855429841
714 0.913647256351418
715 0.912887468285102
716 0.912246717748208
717 0.909260075302749
718 0.908918545736504
719 0.908922975522757
720 0.908112658867532
721 0.906680871678114
722 0.904407002098591
723 0.903180004807584
724 0.902593218852807
725 0.903310081284721
726 0.897750631070865
727 0.899309025346827
728 0.900897504606569
729 0.899571343797243
730 0.892749845285934
731 0.893766472001382
732 0.893509788332796
733 0.892694831079947
734 0.889630625014795
735 0.888147895012605
736 0.887416816343942
737 0.887365730144111
738 0.883218580012754
739 0.88399731673568
740 0.882087283034167
741 0.880433195970759
742 0.882841227555472
743 0.878910067951391
744 0.879384540414335
745 0.878307521339073
746 0.874590777647439
747 0.87573506932451
748 0.873789599702158
749 0.873957338130897
750 0.872518374174733
751 0.87049097191482
752 0.869255332906026
753 0.868715130170118
754 0.866895394312478
755 0.866488525073711
756 0.864603446886383
757 0.862038943547587
758 0.861924125040615
759 0.862385355791272
760 0.859583847528782
761 0.860392112381659
762 0.857721913062172
763 0.857802120063096
764 0.857162850221632
765 0.856494061840083
766 0.854129989703214
767 0.853076153549155
768 0.850470975310018
769 0.848994462032127
770 0.850707046832281
771 0.848935557373663
772 0.827882830003427
773 0.847004496509847
774 0.84637080882291
775 0.846653807616126
776 0.842234601130544
777 0.841531920302727
778 0.842162021137339
779 0.841342532664046
780 0.841048288584187
781 0.838543943667247
782 0.838155154287054
783 0.836537032507193
784 0.835697960243061
785 0.835831206014498
786 0.835370701749119
787 0.831924951073258
788 0.832004971186285
789 0.832478255455887
790 0.827483808264919
791 0.828550990065131
792 0.826416327538794
793 0.827049161007353
794 0.826439205290046
795 0.825071887644344
796 0.822798040161963
797 0.821769242585176
798 0.821188206065869
799 0.820250389218317
800 0.819989406728006
801 0.818325014391484
802 0.818278398767883
803 0.815347643413904
804 0.815014633890528
805 0.813492706920858
806 0.812238138591783
807 0.812195998024788
808 0.810741726202081
809 0.810676237298283
810 0.810197255815682
811 0.80851739841999
812 0.804734948248006
813 0.805292221977968
814 0.80495988648908
815 0.803620800084954
816 0.803124527681543
817 0.802469077884159
818 0.80044803058893
819 0.799290467384229
820 0.79829438029964
821 0.797929919021474
822 0.798422067293346
823 0.797709147758365
824 0.79470072478624
825 0.793687080804381
826 0.792281558626779
827 0.791440220264458
828 0.792541115031956
829 0.790485617705373
830 0.788237524003772
831 0.789791461187744
832 0.788954445058427
833 0.787727555417304
834 0.786781803462997
835 0.784024258216139
836 0.78392549115606
837 0.782840256933406
838 0.779587873498628
839 0.782417712699437
840 0.778572909950788
841 0.780183032315449
842 0.778372127041279
843 0.776852834674927
844 0.778545662281076
845 0.773904397531231
846 0.773581852037507
847 0.772742526994102
848 0.773053405558272
849 0.771882173195867
850 0.771810491869255
851 0.77021322054959
852 0.768053989661599
853 0.767500386789085
854 0.767578287690347
855 0.767216367599843
856 0.765575737930157
857 0.766470420443474
858 0.764449542524045
859 0.764558253266619
860 0.759359570871778
861 0.762780816760721
862 0.761082716983463
863 0.760362142202044
864 0.759469710161461
865 0.758963503226173
866 0.756774731375193
867 0.756668290643272
868 0.755072900689486
869 0.752311436900881
870 0.752664121679066
871 0.751330392733751
872 0.752321079016924
873 0.751279455180682
874 0.749156422148808
875 0.749570041587604
876 0.748307414957335
877 0.746927051992638
878 0.745369220582999
879 0.743837837247249
880 0.743298691467975
881 0.74543004427404
882 0.741294278716547
883 0.742383138175106
884 0.741491021103342
885 0.741150398142311
886 0.739226842677865
887 0.739556346543174
888 0.738484216200462
889 0.737942563116643
890 0.736276418896165
891 0.735744886495585
892 0.735985024112426
893 0.733311362524054
894 0.732436492048441
895 0.731695672598428
896 0.729270171183796
897 0.730862185807897
898 0.729650683813092
899 0.728539817287345
900 0.72782733808664
901 0.728552224576117
902 0.726611115107901
903 0.725906300296288
904 0.725972211626538
905 0.723356808937184
906 0.722576562819124
907 0.723230786260219
908 0.720882597741269
909 0.722223730798377
910 0.720051270781282
911 0.718516265034062
912 0.718848683156224
913 0.718997988235129
914 0.716949699136527
915 0.715486603396396
916 0.71678232942771
917 0.716230695536747
918 0.714695009233094
919 0.712749062533888
920 0.714082488543301
921 0.711932998636069
922 0.7114683867975
923 0.712157285687724
924 0.709903500074996
925 0.707682343104427
926 0.70807116968031
927 0.707567937434533
928 0.706013714014745
929 0.705401699947559
930 0.703462195140688
931 0.704424413954509
932 0.702639695391986
933 0.700963861815499
934 0.701446639195023
935 0.700405806753671
936 0.698329264889718
937 0.699991605708947
938 0.698911700639752
939 0.698286177766472
940 0.697455729487425
941 0.698735475119978
942 0.696217065997181
943 0.696282044694245
944 0.694168063471105
945 0.693297590493143
946 0.692247352024686
947 0.691581723292778
948 0.691072104189445
949 0.690292252107187
950 0.689620514564718
951 0.688122595634288
952 0.688642830106645
953 0.686910121524129
954 0.686906065696271
955 0.684938292349314
956 0.684619967813951
957 0.683683512593417
958 0.684297499026058
959 0.683132612084969
960 0.681844536534008
961 0.681531931714831
962 0.680504269579102
963 0.679348949507448
964 0.679109042274284
965 0.678735394976115
966 0.679412812003552
967 0.677597350078034
968 0.677062529094174
969 0.676015870431022
970 0.67655755970333
971 0.67402169177871
972 0.673924643131053
973 0.672554808843718
974 0.672895812397493
975 0.671988676583005
976 0.67223502102525
977 0.669654709241802
978 0.67071859860224
979 0.668883052921179
980 0.667167667184744
981 0.667837236938303
982 0.668091008453722
983 0.66595258190108
984 0.667109496567935
985 0.664550642228454
986 0.664413667725573
987 0.663623746395296
988 0.662840188037858
989 0.663084592632544
990 0.662300210608184
991 0.661450437027128
992 0.661027479067178
993 0.659398811503783
994 0.660003733102916
995 0.658856798901799
996 0.656756630626541
997 0.656518596166456
998 0.654212271565452
999 0.656620270229492
