35 8.33962183659236
0 6.35202230798368
1 7.30495675403496
2 8.12655254380194
3 8.1078595580908
4 7.56452258202269
5 7.88299664663461
6 8.02452913572462
7 7.82879025541574
8 7.59443820052067
9 8.24594239452485
10 7.62094382589402
11 7.85152382106748
12 7.75031000010973
13 8.16597778352811
14 7.70390222210525
15 7.67212490906823
16 7.83821456712575
17 7.83042035660131
18 7.78804495212056
19 8.14848643550142
20 8.06495171258434
21 8.01919057467339
22 7.68550525277206
23 7.96515381764351
24 8.36456604852228
25 8.80165833452594
26 7.9330832481374
27 7.91250892815454
28 8.46485290771127
29 8.1149617524561
30 8.15764002491561
31 8.35660322483872
32 8.2822900328135
33 8.26189490233511
34 7.94690669562617
35 8.33962183659236
36 7.61196670020232
37 7.90136342488705
38 8.00944527432289
39 7.44969302442058
40 7.66607379460922
41 7.2856654269561
42 7.26737199410342
43 7.14475756544967
44 6.9888479087802
45 6.82059986065111
46 6.72851683384739
47 6.58082065031725
48 6.48680718312883
49 6.33913538649047
50 6.21557329905506
51 6.09641112675282
52 5.97622026065455
53 5.91743969498073
54 5.81670175699604
55 5.69388692905727
56 5.59947011388286
57 5.51122285282082
58 5.40576858778615
59 5.34106470512125
60 5.25210394871074
61 5.19324941224769
62 5.11085508536736
63 5.02677357515287
64 4.9555589848104
65 4.87390034809093
66 4.81620707583664
67 4.74246277497071
68 4.69380950008459
69 4.60411007108348
70 4.54848058569913
71 4.47857182306316
72 4.42953851920665
73 4.37999319433806
74 4.30510195040743
75 4.25688268962065
76 4.2065892302597
77 4.14793348034647
78 4.12261191255474
79 4.04242890721464
80 4.00497961458162
81 3.96745991880473
82 3.91082729506782
83 3.86491850325432
84 3.83274394348496
85 3.77852138796046
86 3.73037036178835
87 3.69206622085447
88 3.66335589667533
89 3.61695705306046
90 3.5863630453394
91 3.53751972288498
92 3.50326679127708
93 3.47200174613257
94 3.43408562687045
95 3.39609073122964
96 3.36411264576258
97 3.32418729376432
98 3.29859615204174
99 3.26468834185174
100 3.2329452481166
101 3.20703305611605
102 3.17191989904151
103 3.13886833786689
104 3.11116203240138
105 3.08735809221038
106 3.0488656114293
107 3.02241134682849
108 2.99647281829433
109 2.97290593311675
110 2.95124732037704
111 2.92097103282722
112 2.88987251420761
113 2.87087726571174
114 2.84558079505784
115 2.81940987994088
116 2.79287408863593
117 2.7705188369464
118 2.74830803197276
119 2.72436566092124
120 2.70370904476163
121 2.6822895967736
122 2.66042160428834
123 2.64091712866133
124 2.61815498968301
125 2.60502236610451
126 2.5783221863555
127 2.56499298354693
128 2.54085621861358
129 2.52217769554712
130 2.50145325602011
131 2.48872308580039
132 2.47241880901344
133 2.44890140220982
134 2.43298874262748
135 2.417832512213
136 2.39307495527894
137 2.3821710529408
138 2.36754687673217
139 2.34413901596092
140 2.33256831854377
141 2.31266549261416
142 2.29682225451572
143 2.28576329331046
144 2.26827632731031
145 2.25471905123474
146 2.23720770516973
147 2.22603787280888
148 2.20673951113724
149 2.19388462753141
150 2.17899838051666
151 2.16908003940969
152 2.14948773362797
153 2.13578882871356
154 2.12031099495966
155 2.10754964889314
156 2.09521159767078
157 2.08114075460068
158 2.06453403761748
159 2.05330789781736
160 2.04658235441521
161 2.03226941855939
162 2.02205479187138
163 2.01058573723354
164 1.99400151621439
165 1.98356893174048
166 1.97010502647122
167 1.96076408140643
168 1.94777394510699
169 1.93548073990242
170 1.92296976564514
171 1.91259828061447
172 1.90334291787604
173 1.89015712102681
174 1.88273329316995
175 1.87203462873892
176 1.86105114852787
177 1.84650437508993
178 1.83816911635625
179 1.83122494149304
180 1.82177775228326
181 1.80917343534093
182 1.79883727111255
183 1.7906203778984
184 1.78055392352207
185 1.773280464599
186 1.76187375158867
187 1.75359890105137
188 1.74335092114075
189 1.73429692482997
190 1.72569203901477
191 1.71547206509302
192 1.71062824881474
193 1.70072037697725
194 1.69243141822816
195 1.6848008367531
196 1.67650506570644
197 1.6676448525825
198 1.65955824676584
199 1.64916085209632
200 1.64105996319614
201 1.63511378462086
202 1.62449130721353
203 1.61739190174477
204 1.61225948895512
205 1.60203273147168
206 1.59500404691531
207 1.58758013413376
208 1.578543403311
209 1.57226309746735
210 1.56608503468665
211 1.55847756116179
212 1.55200080956383
213 1.54396196536537
214 1.53832502787266
215 1.52817310073316
216 1.52333778197008
217 1.51433837523092
218 1.50924940281416
219 1.5030609637747
220 1.49326889883264
221 1.48954525087475
222 1.48404831367485
223 1.47582448125398
224 1.46858247839929
225 1.46390788640695
226 1.4583445955424
227 1.45060426423743
228 1.44656139189449
229 1.43969012777622
230 1.43477684253495
231 1.42721841327048
232 1.42202267097655
233 1.4132721733944
234 1.4083224736129
235 1.40299298259302
236 1.3980878116122
237 1.39203366970803
238 1.38603391026733
239 1.37932143685479
240 1.37470603255516
241 1.36912870380789
242 1.36139579982637
243 1.3562260017522
244 1.35002476887012
245 1.34541840630858
246 1.33808273496147
247 1.33458054026567
248 1.32766477186386
249 1.32429022793335
250 1.31820472303503
251 1.31164392174321
252 1.30993606503035
253 1.30359776635834
254 1.2992883348137
255 1.29387823291266
256 1.28929561292422
257 1.28324461569415
258 1.2796502981722
259 1.27332905141466
260 1.26864529727378
261 1.2633853527119
262 1.25756132348189
263 1.25318497409637
264 1.24993386281596
265 1.2455798636962
266 1.24058130500937
267 1.2356053834982
268 1.23026450209908
269 1.22492310123648
270 1.22311215169354
271 1.21728013985951
272 1.21354956187408
273 1.21021600424863
274 1.20304039849921
275 1.19847351167492
276 1.19656648560734
277 1.19111219712119
278 1.18759273026306
279 1.18362317857784
280 1.17792991574009
281 1.17464607824622
282 1.17166787335312
283 1.16497666281438
284 1.16265031546633
285 1.15761001888637
286 1.15283104862225
287 1.15024903864664
288 1.14301132100554
289 1.14093464578976
290 1.13831091718537
291 1.13230691252255
292 1.13165951897114
293 1.12562763382568
294 1.12164232982235
295 1.11984746608391
296 1.11423348467495
297 1.11228216758625
298 1.10906024674359
299 1.10402246345468
300 1.0989518200877
301 1.09779465826613
302 1.09387073474773
303 1.08993426279956
304 1.08744494276235
305 1.0821477722758
306 1.07919192838879
307 1.07586923397246
308 1.07265989294908
309 1.06839221143274
310 1.06491099606056
311 1.06260548830581
312 1.05754305417657
313 1.05585090104739
314 1.05313042624758
315 1.04888478583104
316 1.04563482134835
317 1.04140154936428
318 1.03801625568929
319 1.03538663803871
320 1.03221576383479
321 1.02755746478964
322 1.02629968955662
323 1.02140086506769
324 1.01997590699871
325 1.01570500788093
326 1.01230091676717
327 1.01004593203466
328 1.00784147954429
329 1.00486663174623
330 1.00118676654473
331 0.997474202734959
332 0.995125929509058
333 0.991835971649458
334 0.963507651858452
335 0.985232637306117
336 0.984086696642574
337 0.980642799078116
338 0.97686769073158
339 0.974460213948998
340 0.971452930529517
341 0.968110318623908
342 0.965566090868768
343 0.964162143803468
344 0.958956270866149
345 0.957862384496056
346 0.95488415302086
347 0.952722761194079
348 0.94966758972468
349 0.945339609432829
350 0.944198560413405
351 0.941418715711681
352 0.938567481062811
353 0.935524932262028
354 0.933457121130323
355 0.93078696977536
356 0.926548190224936
357 0.924539918403104
358 0.923201695897343
359 0.92040952401491
360 0.916909320688455
361 0.915953616721958
362 0.911819635023071
363 0.910987219310766
364 0.910356960289566
365 0.903916398936366
366 0.900852148997974
367 0.901338235842609
368 0.898720638690834
369 0.895347899701685
370 0.892424328576031
371 0.889780808396407
372 0.887894507192067
373 0.885106369973673
374 0.884013977831183
375 0.882143926192286
376 0.880120885496731
377 0.874751903926042
378 0.874639711660671
379 0.871092583284508
380 0.87070080942348
381 0.867836276966169
382 0.865079109950941
383 0.86371284737188
384 0.861092904417185
385 0.858591002446151
386 0.85703680002906
387 0.854427331387112
388 0.852319571250901
389 0.849625841456641
390 0.847547101698732
391 0.845374633175527
392 0.843223242979408
393 0.840114893347021
394 0.839967369028982
395 0.836876298886593
396 0.835134119119949
397 0.832023372425016
398 0.83024921683703
399 0.828435226287313
400 0.825946905327978
401 0.824185325175261
402 0.821718310934116
403 0.820423850908995
404 0.819271778724883
405 0.816946574224486
406 0.81394671980961
407 0.812636077162513
408 0.809689704110811
409 0.808465922827131
410 0.805853922189834
411 0.804906164207252
412 0.802307352346799
413 0.800056019149528
414 0.797677428833891
415 0.79621214455226
416 0.795181763091132
417 0.792815034651166
418 0.791113374468333
419 0.787459626030176
420 0.78656971168712
421 0.784798975441489
422 0.784261901895123
423 0.782422644906416
424 0.780191239166493
425 0.778133343000196
426 0.776175360397146
427 0.77413229923058
428 0.773340774865161
429 0.770615168941713
430 0.769417734771474
431 0.76733755954978
432 0.765713148603052
433 0.763980954067408
434 0.761771495501726
435 0.759768533024565
436 0.758372374460892
437 0.757034082687405
438 0.754663545337113
439 0.753396278147128
440 0.750497573661911
441 0.74848396790133
442 0.748089269110968
443 0.745586158497513
444 0.744665263739768
445 0.743114678853901
446 0.7418191589316
447 0.739093244131723
448 0.738917432212432
449 0.736538756588664
450 0.735144640007038
451 0.733987446735115
452 0.730996881194718
453 0.73012507675951
454 0.727803724873704
455 0.726395649355924
456 0.724988652131952
457 0.723697166689546
458 0.721544375377615
459 0.720013838713402
460 0.718298220223782
461 0.71736147075828
462 0.714582019340559
463 0.713338918553598
464 0.712645621965963
465 0.711382356580573
466 0.708905432210945
467 0.708183278015475
468 0.705696938246814
469 0.704128051748883
470 0.703586947877382
471 0.702068357363986
472 0.700666125418909
473 0.698929928707457
474 0.697387621612731
475 0.696038886284018
476 0.694020390956955
477 0.69256450783948
478 0.691788883518571
479 0.689565395016185
480 0.688418288828969
481 0.687380918478868
482 0.686557297189709
483 0.684847423059827
484 0.682975113836734
485 0.680697739076565
486 0.68088953146936
487 0.678393186410419
488 0.677127256590307
489 0.675731788630322
490 0.67423202585386
491 0.673041044741709
492 0.672829468044213
493 0.670624737706723
494 0.669613928706951
495 0.66862974123941
496 0.66758216814506
497 0.665281507865652
498 0.662719652037872
499 0.66236352078428
500 0.661128781847925
501 0.659052278148838
502 0.658074881072869
503 0.65681143733285
504 0.654070884835779
505 0.653966849924149
506 0.653036526081183
507 0.649981376869999
508 0.65077252013893
509 0.64870933625907
510 0.647293741963713
511 0.646634460686375
512 0.645603065942396
513 0.643683069022468
514 0.643146415871515
515 0.641844972131745
516 0.640210745791074
517 0.639471706018661
518 0.638220109798744
519 0.635682586182236
520 0.63529450024878
521 0.634836373354252
522 0.633612465113013
523 0.632111734752962
524 0.630983802036106
525 0.629319106466595
526 0.628019382424652
527 0.627356071891521
528 0.625782023242456
529 0.624528924545623
530 0.623319477739184
531 0.622319414322039
532 0.621383528050241
533 0.618251645782405
534 0.617697510877943
535 0.616868137239848
536 0.616334743902661
537 0.615022110423606
538 0.614025050224872
539 0.612750084408182
540 0.612078848089723
541 0.610318285912025
542 0.609091542155556
543 0.608919184437766
544 0.60659926798551
545 0.606022913861819
546 0.604371354741447
547 0.602503046332767
548 0.602895173234783
549 0.601544823731736
550 0.601640101454751
551 0.598873339172443
552 0.597661243463896
553 0.597699451118609
554 0.596618590767806
555 0.594815118998732
556 0.594028361880437
557 0.593269425598903
558 0.592255333430098
559 0.591064219720148
560 0.589246434990142
561 0.588780237162505
562 0.587540916183093
563 0.586390763931773
564 0.585891109524362
565 0.584746048706267
566 0.584586246291938
567 0.581856699038501
568 0.581766421300704
569 0.580495771711154
570 0.579145295184358
571 0.577671537246056
572 0.576772890654291
573 0.576271717663528
574 0.575346289091225
575 0.575276357389233
576 0.573006433570439
577 0.571793808041153
578 0.571353211806886
579 0.569447206118683
580 0.570285251319054
581 0.56944242533118
582 0.567929610424202
583 0.566068959979796
584 0.564967358328486
585 0.564626674655975
586 0.564296977668017
587 0.562638609833914
588 0.562242334377017
589 0.560970576839954
590 0.560178281799486
591 0.559009466249419
592 0.558842265063896
593 0.557172394538684
594 0.557012851313333
595 0.556248018863791
596 0.554500841688461
597 0.554378108550024
598 0.553117534961908
599 0.552813649642689
600 0.550834173977052
601 0.550645521476191
602 0.549401016477114
603 0.547821749909261
604 0.547423356442645
605 0.546591858542605
606 0.545371560666771
607 0.5446976977034
608 0.544054459690847
609 0.543100565440186
610 0.542141786483908
611 0.540737519373843
612 0.540277367521185
613 0.539952781137775
614 0.538278324147663
615 0.538089272531457
616 0.53649239090311
617 0.536350350445601
618 0.534701321888739
619 0.534384121451758
620 0.533165953073866
621 0.532389568355517
622 0.531446625331995
623 0.529608759294887
624 0.530048112939873
625 0.529196555252449
626 0.528306354484629
627 0.527565380514766
628 0.525521520022066
629 0.525124631193944
630 0.525042566959119
631 0.523497720510806
632 0.523382076102712
633 0.521892913714734
634 0.520933790408465
635 0.521067097206571
636 0.520066970877542
637 0.518502539487162
638 0.517898263628909
639 0.517801251003161
640 0.516544490301383
641 0.515813348631422
642 0.513913499556194
643 0.514117634787688
644 0.513444989184284
645 0.511978657616662
646 0.511254769007913
647 0.511259522827173
648 0.510214714075416
649 0.50848900451783
650 0.508862820475461
651 0.507400338844127
652 0.507287143026386
653 0.506601152481157
654 0.506020267095076
655 0.504340932033697
656 0.502520075998611
657 0.503072453444054
658 0.501768294864554
659 0.501803123873946
660 0.501216100357525
661 0.500447647316506
662 0.49961132093961
663 0.498602113444879
664 0.497584291226888
665 0.497343135033968
666 0.496918599282521
667 0.495845516598944
668 0.495662538670842
669 0.495147398465332
670 0.494757785411143
671 0.492051717018748
672 0.490947151051133
673 0.491822998424728
674 0.491284000800572
675 0.490536181016157
676 0.489978799783744
677 0.489272949790012
678 0.488702725701688
679 0.487932982836752
680 0.487141645778616
681 0.486341102290605
682 0.486074349640155
683 0.484755492237175
684 0.483544355079579
685 0.483639073885811
686 0.483223391748435
687 0.482067555675371
688 0.480990594906753
689 0.480715350646042
690 0.479481346435493
691 0.47949955272938
692 0.477325663096051
693 0.478045186007974
694 0.477377801774731
695 0.476980285793971
696 0.474455042200473
697 0.475692919170305
698 0.47418090906166
699 0.473242305156605
700 0.472814993635123
701 0.472651339943622
702 0.471753826935105
703 0.470972773624672
704 0.470000084921342
705 0.469760188421256
706 0.469014051940433
707 0.467664219647571
708 0.467956832591816
709 0.467020230577254
710 0.466475178762501
711 0.464827160255839
712 0.46490724209316
713 0.464037120904517
714 0.464183980154908
715 0.462881690931519
716 0.462615656513019
717 0.461682921576958
718 0.460898274349071
719 0.460040747609367
720 0.459782007572585
721 0.458524961682079
722 0.458113577608539
723 0.457459341612277
724 0.455546494032
725 0.456239456715038
726 0.455391096218477
727 0.455564442748616
728 0.453915965803972
729 0.453499689684394
730 0.452617394276448
731 0.452142235661752
732 0.451593148803811
733 0.451717208531973
734 0.450177631945963
735 0.449393054483406
736 0.448942335737202
737 0.449360096159279
738 0.448038151686187
739 0.447381533489394
740 0.447414474663957
741 0.446493341622994
742 0.445617737034316
743 0.445103711340106
744 0.444680823658224
745 0.44358219232967
746 0.44416311887172
747 0.442989335042449
748 0.442336386280077
749 0.441702934751727
750 0.441131007992329
751 0.440611947360244
752 0.439935234456015
753 0.439371273160548
754 0.438795355206298
755 0.438359739153886
756 0.437342325053995
757 0.436710509563231
758 0.436346565638115
759 0.435418571187978
760 0.435565988119343
761 0.434435351119912
762 0.433780504281378
763 0.43416948517876
764 0.433352361320718
765 0.432623194651868
766 0.432354145514283
767 0.431312984072318
768 0.430738666018404
769 0.42969810479988
770 0.429695050336921
771 0.428811501171499
772 0.428392205923773
773 0.428172218654352
774 0.426683572010783
775 0.427275532088507
776 0.426573267357647
777 0.425721577803688
778 0.425319409571066
779 0.423822385809785
780 0.424393443478111
781 0.423039445083131
782 0.42269926509743
783 0.422257947039964
784 0.422032539236006
785 0.421499429478681
786 0.421184289237582
787 0.420223772458402
788 0.419587179493282
789 0.419380392785791
790 0.418419215087354
791 0.417904722657325
792 0.417710184500284
793 0.416634046096921
794 0.416943326101492
795 0.415645605629715
796 0.415333032962987
797 0.415093374660861
798 0.413605440274946
799 0.413947721296484
800 0.413000265698015
801 0.412032841030026
802 0.41191464956975
803 0.412144657810659
804 0.411339469276368
805 0.410752718624477
806 0.410072764490947
807 0.409891286060569
808 0.409654467874914
809 0.409057673519828
810 0.408493205319472
811 0.407480997002927
812 0.407436212984802
813 0.406337973381327
814 0.406110525519008
815 0.406033036277262
816 0.405355989655897
817 0.404663043079847
818 0.403683495569853
819 0.40370041259658
820 0.403058793745759
821 0.4029973216362
822 0.402451564113798
823 0.401477935469563
824 0.401220573310974
825 0.401120158807881
826 0.400225648214356
827 0.399869695908063
828 0.399413595519304
829 0.398753865780833
830 0.39833491753139
831 0.397689444138631
832 0.396965537053647
833 0.396188203084604
834 0.396684424923015
835 0.395964902028074
836 0.395377254086948
837 0.395423566819934
838 0.394507406826959
839 0.394259020324781
840 0.393875861251716
841 0.39309432163972
842 0.392432455370887
843 0.392469528614559
844 0.391543633028211
845 0.390896022586161
846 0.389179844386279
847 0.390160871756234
848 0.389509720160056
849 0.388422132581688
850 0.387893915712851
851 0.388068640190921
852 0.387453776196933
853 0.387277660714525
854 0.386919657218723
855 0.386085842076324
856 0.386046238930339
857 0.385467808320111
858 0.38471747807637
859 0.38438829668533
860 0.382858586756187
861 0.383901209489282
862 0.383312249712167
863 0.382506227814929
864 0.382558434701876
865 0.381412503549576
866 0.381987860568157
867 0.38114190254087
868 0.380485533661551
869 0.380402140395396
870 0.379572364354428
871 0.379119315347366
872 0.378836180345696
873 0.378523892881281
874 0.378307353805389
875 0.377546330165986
876 0.377197410076567
877 0.375995072134114
878 0.376435128735169
879 0.375921980839948
880 0.374907045146318
881 0.374192284299738
882 0.37476419355355
883 0.37377994356509
884 0.373390619553861
885 0.372657025934675
886 0.373281602812252
887 0.372276181342454
888 0.371851136977403
889 0.371121405155684
890 0.371113705575558
891 0.370371468037068
892 0.370393224732495
893 0.36939411161982
894 0.369879832823224
895 0.368395435017854
896 0.36861377984811
897 0.367774812198088
898 0.367617380472584
899 0.367744609447689
900 0.36722962684344
901 0.366644100064
902 0.36609720054774
903 0.36566926728551
904 0.36552242822647
905 0.364615127039289
906 0.364010023130593
907 0.363976524293201
908 0.363446981283527
909 0.362969228886428
910 0.36219793009279
911 0.362249827385235
912 0.361998606442253
913 0.361525942375296
914 0.361252016430256
915 0.361109860660158
916 0.360429035343509
917 0.360562179717378
918 0.359211737457409
919 0.359075448442301
920 0.358784922877086
921 0.35795542066558
922 0.357508906323537
923 0.357571495475432
924 0.356790583586149
925 0.356457510182823
926 0.356194046462167
927 0.356136709525085
928 0.355022529657441
929 0.355191940670247
930 0.354844901985704
931 0.354444604705019
932 0.353747678796325
933 0.353678771991922
934 0.353649237133709
935 0.353162337195088
936 0.352487842386414
937 0.351595783725332
938 0.351549831461228
939 0.351363022004131
940 0.351168136800235
941 0.350448243688741
942 0.349951665069824
943 0.349831176948799
944 0.349125557330595
945 0.349182128940125
946 0.349094523729215
947 0.348131720395058
948 0.348062541515469
949 0.347633052032873
950 0.348059509342465
951 0.346642103976042
952 0.346575217544841
953 0.346596348799971
954 0.346061169420191
955 0.344881508712034
956 0.345431127814524
957 0.344321211453083
958 0.344419807043833
959 0.343830021768189
960 0.343522790893554
961 0.343236767620995
962 0.342777593002898
963 0.341909606542674
964 0.342255492825979
965 0.341423473139674
966 0.341067167455159
967 0.340431832758681
968 0.340522622554379
969 0.340367709623965
970 0.340170619508908
971 0.339229327119554
972 0.339438010640453
973 0.338922295354521
974 0.338406071402964
975 0.338321319618761
976 0.33757529571418
977 0.337614302900853
978 0.337266582921633
979 0.336583675885003
980 0.336175093988105
981 0.335923915758147
982 0.335640620921117
983 0.335026001853024
984 0.334265408879788
985 0.334527362970022
986 0.333832604370174
987 0.33342658069716
988 0.333161445707732
989 0.332834053779996
990 0.332845386708904
991 0.33247399012646
992 0.331855552275491
993 0.331570001338055
994 0.331161508172393
995 0.330868688585518
996 0.330868128581355
997 0.330769806243315
998 0.330226865154026
999 0.329964944587829
