180 9.73108665089399
0 6.26749224772539
1 7.12081649204019
2 7.53623237292854
3 8.84662556459588
4 8.33358441731452
5 8.5791100218057
6 7.90721380894119
7 8.28907356487113
8 8.34091616286324
9 8.06506935601793
10 8.07388632816991
11 8.74163042656307
12 8.89301389682056
13 8.32740180226451
14 8.23284462585722
15 7.81136419730491
16 8.68066704210199
17 8.43601589319952
18 8.28966106942923
19 8.58242315725947
20 8.0666828432976
21 8.10676561474719
22 8.01852918674691
23 8.52325118870188
24 8.68493129601666
25 8.74689398947062
26 8.55491637096109
27 8.45697378203548
28 8.40666515232705
29 8.52876857001822
30 8.23394065863348
31 8.84583495109152
32 7.9803527176974
33 8.8586092740151
34 8.16123299353136
35 8.39501595368432
36 8.96529773456343
37 9.22249960173439
38 8.86334152712513
39 8.68655490657079
40 8.72718754289929
41 8.54994869941277
42 9.25185557979659
43 9.04101691267443
44 8.51985360927842
45 8.53707036477926
46 8.98959168188567
47 9.25769613592793
48 9.05911570233846
49 8.55394509986549
50 9.22277620221901
51 8.16447473078019
52 8.44639288174427
53 8.72528165676682
54 8.4212861211014
55 8.84241463881933
56 9.22658580786015
57 9.05835711012556
58 9.25742369965493
59 8.97440975881924
60 8.72567319972412
61 9.14470708317639
62 9.08301024715843
63 9.03990750107824
64 8.93969416770628
65 9.10599563852838
66 9.07804961863648
67 9.29986885235875
68 9.28792072427277
69 9.45816368891667
70 9.52051427241086
71 9.51654085807619
72 9.28627723424857
73 9.08007810620812
74 9.48313315538776
75 9.42456181372109
76 9.06870048784205
77 9.32011878197395
78 9.45940102865814
79 9.50614178244289
80 9.23472079402691
81 9.40359589129348
82 9.40426556923838
83 9.29692611381623
84 9.0325218539687
85 9.02272703670754
86 9.51034693412687
87 9.42206510138741
88 9.60890988603138
89 9.54444541510757
90 9.45570876513501
91 9.31195073098919
92 9.47303316367965
93 9.58080626680992
94 9.51168804629082
95 9.45620291521316
96 9.50960258592735
97 9.38098232831175
98 9.36481774835656
99 9.58914641224335
100 9.63247941310318
101 9.44093103735543
102 9.46595435216247
103 9.58939840333621
104 9.45854940343355
105 9.55453489397096
106 9.10211541924838
107 9.47046400762945
108 9.57776017097573
109 9.59572351527528
110 9.38707484212332
111 9.55280904170935
112 9.4230115549355
113 9.65187914499126
114 9.69143559600027
115 9.60912580489628
116 9.12613416964277
117 9.57909940981743
118 9.83248953727618
119 9.5530924722325
120 9.23185650286536
121 9.45373757952807
122 9.59047371415326
123 9.53307785370992
124 9.58978901570475
125 9.56282600218593
126 9.71019345508681
127 9.65865339567917
128 9.70642678185309
129 9.82693696817704
130 9.60587876875537
131 9.65919881470585
132 9.46980289058288
133 9.69551092005029
134 9.75584171012128
135 9.68859399609104
136 9.16617154382206
137 9.72969939125992
138 9.52845447643243
139 9.66464871578216
140 9.62971462912659
141 9.8683055145477
142 9.70282556350713
143 9.62389707863584
144 9.70605672940035
145 9.89198638889527
146 9.63130230059953
147 9.71307014764568
148 9.5460525392158
149 9.89083793822101
150 9.8635672975976
151 9.67878772339624
152 9.91753557782622
153 9.66497209976915
154 9.69786944344907
155 9.76780197913085
156 9.68278218715555
157 9.61251852291538
158 9.61512227118113
159 9.87024959747433
160 9.94594164885194
161 9.84565591469605
162 9.37542761816649
163 9.8706500758108
164 9.82539349603697
165 9.78681053745211
166 9.89042867162201
167 9.96301765252738
168 9.91353543805506
169 9.80823809612125
170 9.93385601587485
171 9.96331325285305
172 9.5727401031137
173 9.96434073642837
174 9.89651665464329
175 9.5448431924267
176 9.76911905058301
177 9.80355034863547
178 9.81779434189228
179 9.77133036741468
180 9.73108665089399
181 9.36940553925325
182 9.39286982297767
183 9.46614588625122
184 9.38129987022345
185 9.34523563081462
186 9.39450450300466
187 9.22776485011185
188 9.14359346360519
189 9.13302530369768
190 9.11629708413304
191 9.11045913936678
192 9.09386477596264
193 8.99139767565748
194 8.90331598698284
195 8.91278854206136
196 8.82284758858241
197 8.90564673817015
198 8.86840355662604
199 8.67875527314436
200 8.66391922577598
201 8.65911390506709
202 8.58539343237117
203 8.58935025953276
204 8.63752373042755
205 8.47036438793189
206 8.38729837092418
207 8.39766142431732
208 8.29614672405424
209 8.34241304973536
210 8.36007228543583
211 8.28520100675936
212 8.16375141642347
213 8.1269181364724
214 8.13708705560305
215 8.15609811120918
216 8.15788257839342
217 8.03605692453726
218 8.0497422824254
219 7.99989550079781
220 7.9981549310006
221 7.99571952213723
222 7.99717743473101
223 7.8312051302925
224 7.77576221201299
225 7.76387493727091
226 7.75918706257462
227 7.80414897826064
228 7.71353730214757
229 7.66168126709867
230 7.62486433808058
231 7.57664675814216
232 7.57051908561333
233 7.61442600519828
234 7.58649324923723
235 7.48485687384396
236 7.45628571936482
237 7.47721807800553
238 7.34468414053251
239 7.3834235051839
240 7.41700013543587
241 7.33918605783064
242 7.29480613402114
243 7.29901035094067
244 7.29058830729732
245 7.25502650061053
246 7.2522667579639
247 7.19364871382742
248 7.13178392040823
249 7.1372398301115
250 7.12571755551631
251 7.02783082401639
252 7.09374166523461
253 7.01595011721439
254 7.01941586027736
255 6.99365158926837
256 7.00600559069481
257 6.99180639878804
258 6.96720921791704
259 6.86588803618755
260 6.84248209516676
261 6.84558632852372
262 6.84157553156173
263 6.82852247033213
264 6.83617149982069
265 6.70054261417471
266 6.70939610704209
267 6.68751832265379
268 6.68697706591034
269 6.6706930183391
270 6.66229808654974
271 6.56042065569874
272 6.54201102088885
273 6.511322255377
274 6.53501629977011
275 6.50829122315681
276 6.49762766421479
277 6.4773890947798
278 6.43126390772234
279 6.4181482309434
280 6.40619989354316
281 6.39528212434445
282 6.396529085477
283 6.33687612228628
284 6.33355821545535
285 6.32448931204763
286 6.32176512420991
287 6.30109581407118
288 6.31255230038667
289 6.2151198521403
290 6.18836379632938
291 6.19089962876575
292 6.16088904291458
293 6.16329830462004
294 6.16103189503253
295 6.10581757501084
296 6.08660076028377
297 6.09124456855709
298 6.07148173471208
299 6.06185441992897
300 6.05577763073157
301 5.99858168534072
302 5.97080133124331
303 5.95038054291899
304 5.959356020127
305 5.91889253709652
306 5.92350277507217
307 5.86191460351963
308 5.84501301836186
309 5.83433576227493
310 5.81920716855907
311 5.81215776491545
312 5.77852911843576
313 5.73643003429709
314 5.75373208106252
315 5.71888246777101
316 5.7173347391163
317 5.69714287528303
318 5.69784059654348
319 5.64933847530583
320 5.64576362818804
321 5.6304866378596
322 5.61694328489192
323 5.60773976355133
324 5.59069086108968
325 5.55646076788557
326 5.54932762874297
327 5.52871916066039
328 5.52080660505243
329 5.52240936721896
330 5.50052926088932
331 5.45833241507763
332 5.45710609861127
333 5.43332887641216
334 4.72117457541356
335 5.4176983444195
336 5.40205938633509
337 5.35964178804588
338 5.34835458585132
339 5.35830047161698
340 5.35316859320529
341 5.32091730277789
342 5.33799288063406
343 5.26219806965892
344 5.22618148015203
345 5.26311945857409
346 5.21407043897452
347 5.24980315592166
348 5.24710497105906
349 5.18016156802429
350 5.21011688855481
351 5.1872009252261
352 5.16600422527295
353 5.12934996144779
354 5.14517616337764
355 5.1143293886477
356 5.1008594614731
357 5.10346116504809
358 5.07203151715067
359 5.06668071801267
360 5.06740166835799
361 5.01093017486266
362 5.02857622411852
363 4.99635792355638
364 4.99057643291762
365 4.99601065183115
366 4.98845719899678
367 4.94454291798117
368 4.91950895815632
369 4.94001706101153
370 4.94024110602319
371 4.92117818500186
372 4.91885267933086
373 4.8868031915321
374 4.87261760560979
375 4.85677315729658
376 4.85459120413878
377 4.84327919192298
378 4.8155587909598
379 4.7906739802721
380 4.79414508074033
381 4.78617669469243
382 4.77903700342276
383 4.75951539266524
384 4.7744505415427
385 4.7099179846887
386 4.71791788951471
387 4.70951456845295
388 4.70740905146385
389 4.71953915973105
390 4.69530670012548
391 4.64615047568329
392 4.64577663845046
393 4.65901044934583
394 4.64711709220173
395 4.63688756595688
396 4.61066425342599
397 4.6088933680288
398 4.59574515782205
399 4.57899414045834
400 4.59500017482082
401 4.56356812180644
402 4.56101234867466
403 4.53581076271481
404 4.5361610964247
405 4.51622813556701
406 4.52041307159035
407 4.51818452938371
408 4.50883838352636
409 4.46385705100083
410 4.45973634157219
411 4.4659401209682
412 4.46567141067463
413 4.46689079513104
414 4.46509675245268
415 4.43706440723636
416 4.4150359450086
417 4.41366425755752
418 4.42131963397014
419 4.39736792000366
420 4.40472028482008
421 4.36188833235575
422 4.36610088563101
423 4.36268185896091
424 4.34308911912523
425 4.33890397947951
426 4.34498492276826
427 4.31679422544615
428 4.30225128682689
429 4.29692436115425
430 4.30843247459663
431 4.27580119503454
432 4.2944316872176
433 4.26100704756978
434 4.23266209880449
435 4.23787180062195
436 4.23869403742119
437 4.24193883875756
438 4.2387669071574
439 4.19235636328655
440 4.16361934616933
441 4.18324959045664
442 4.17561969222657
443 4.16695112940334
444 4.17492427514366
445 4.1376987424578
446 4.13416296231398
447 4.13030454391984
448 4.10694464098431
449 4.11824836245281
450 4.11197469616212
451 4.06605936130536
452 4.05444746666592
453 4.06692822514521
454 4.07247188271344
455 4.06645507730337
456 4.0597948213062
457 4.04259788981386
458 4.02243305687465
459 4.03765800021444
460 4.01425708583282
461 4.017155452042
462 4.01387131599198
463 3.98440285161199
464 3.96595159828011
465 3.96791318522045
466 3.97235742544075
467 3.97112093160223
468 3.96308544590259
469 3.94668288989833
470 3.92624554893708
471 3.91858065691126
472 3.91366702108062
473 3.92268223483594
474 3.91601464198291
475 3.89173725062763
476 3.87673616004948
477 3.89213283392283
478 3.8856182516042
479 3.86988346348293
480 3.87303764732571
481 3.85426596261668
482 3.82122791886869
483 3.8300009673567
484 3.83410106001654
485 3.81634237387365
486 3.80494055517337
487 3.79633433640149
488 3.78856552733859
489 3.77415926399111
490 3.7901763976621
491 3.77675544568648
492 3.77764492382292
493 3.75296685819616
494 3.7405798784146
495 3.74797995847655
496 3.72630559295636
497 3.72610748245389
498 3.7183935281467
499 3.71055246997459
500 3.69336078855329
501 3.71123715092023
502 3.69839321225658
503 3.68626385731925
504 3.68254926267165
505 3.65260804267775
506 3.66120805218293
507 3.66260409120098
508 3.65638725468879
509 3.66099464279874
510 3.62784684071909
511 3.59915133834875
512 3.60022774818178
513 3.59605519248552
514 3.57237540203589
515 3.5943089580377
516 3.59066622378551
517 3.5658034541097
518 3.54766623492244
519 3.54359023826225
520 3.5581922553339
521 3.53416523174956
522 3.54397832533347
523 3.51947544031986
524 3.51787376160891
525 3.51690217820113
526 3.51351347014221
527 3.50950787874622
528 3.51286541417045
529 3.48859873537643
530 3.47345975033107
531 3.45447303764758
532 3.4776344100163
533 3.4662344091138
534 3.48020106964125
535 3.46388217678046
536 3.46766867964426
537 3.45911371584083
538 3.4500221186597
539 3.45157565325303
540 3.44396213277513
541 3.41838972439882
542 3.4092409653071
543 3.42949193982497
544 3.416246939718
545 3.41716743076561
546 3.41631570347404
547 3.40013703280494
548 3.39532161025693
549 3.38581230355915
550 3.37677415601613
551 3.37795333464658
552 3.37375967674951
553 3.34614360422587
554 3.34687249295463
555 3.35231803784047
556 3.33695926942681
557 3.34529021063152
558 3.3319165402662
559 3.32159556001956
560 3.31557434593836
561 3.30378969019162
562 3.31060780795714
563 3.28817316514333
564 3.30766598163525
565 3.29187112106473
566 3.27652438785316
567 3.27769718914935
568 3.26872466992769
569 3.27490738783235
570 3.27005110240357
571 3.24955957644179
572 3.23884421702596
573 3.25324751682766
574 3.24347518290068
575 3.23741257391876
576 3.23837331222637
577 3.21816496576442
578 3.21487856782862
579 3.21242990706313
580 3.20071363929522
581 3.2084747179944
582 3.19626333581847
583 3.19068142136167
584 3.18567175516829
585 3.18145073894933
586 3.17142672397535
587 3.17989820778711
588 3.17427228520103
589 3.14729611425556
590 3.15372283923148
591 3.15039386581784
592 3.14439897875837
593 3.13618047434257
594 3.13875881261872
595 3.13551953293047
596 3.11725919923582
597 3.11110526944745
598 3.11995730507251
599 3.12235041234854
600 3.11063983830926
601 3.09729772857098
602 3.08929416657996
603 3.06340755644387
604 3.05869801882878
605 3.06223504456353
606 3.05152057295943
607 3.04721013198415
608 3.02657956895557
609 3.03097126638944
610 3.03701971771078
611 3.02992667684769
612 3.03544903455232
613 3.02182192362534
614 3.00223124727984
615 3.01257195246716
616 3.04215867731886
617 3.03112543200002
618 3.03437259208737
619 3.01459455467294
620 3.00793936745703
621 3.01493918446916
622 2.98599323123054
623 2.98153234289808
624 2.98340061170114
625 2.96933509602396
626 2.96842744734403
627 2.96204420791811
628 2.9634371392245
629 2.95924075167405
630 2.95246129396628
631 2.94498917120896
632 2.92908656042608
633 2.93600384225616
634 2.93364096881864
635 2.92136810101783
636 2.93127020078032
637 2.89575290188071
638 2.90233116071597
639 2.90936147736219
640 2.8973736963212
641 2.89693704988196
642 2.89289052120319
643 2.87532330715095
644 2.88208611968373
645 2.87576849506038
646 2.87404470639772
647 2.87605120881773
648 2.8726430107199
649 2.85532293776816
650 2.83831893606205
651 2.85194582951233
652 2.84945124038601
653 2.84568797640436
654 2.84655778268587
655 2.8316679507148
656 2.82716090734867
657 2.83103847768442
658 2.824880979411
659 2.81679732314289
660 2.82464409315009
661 2.81629717154964
662 2.81574302382511
663 2.80982300976039
664 2.80972442635193
665 2.79911647884922
666 2.80226073881655
667 2.78438163432306
667 2.58322043812183
668 2.78306848956787
669 2.77468554514797
670 2.77456451819667
671 2.77877628197739
672 2.77094576667782
673 2.76387299095938
674 2.75587350517529
675 2.75688691053846
676 2.75804162351076
677 2.7538380518762
678 2.7485966722356
679 2.73452150146996
680 2.73771310551812
681 2.71281907249037
682 2.73856370478111
683 2.72512379708485
684 2.72919634877891
685 2.7158432868442
686 2.71770857781138
687 2.71395693842665
688 2.71285967732279
689 2.69563856661181
690 2.69365688651826
691 2.69745193714678
692 2.67977451559125
693 2.68292658419194
694 2.68121378185808
695 2.67995570890466
696 2.66374786020485
697 2.66274003661182
698 2.64564189503524
699 2.66710726577523
700 2.65482366291738
701 2.65289592360496
702 2.64661083693085
703 2.62998452324101
704 2.62562727443909
705 2.61905446022529
706 2.62227581869311
707 2.61543303714018
708 2.61648678100808
709 2.61651673606841
710 2.59785265429829
711 2.60113136397583
712 2.60468190431967
713 2.60671533493275
714 2.60325414943004
715 2.5843789971816
716 2.60182035297627
717 2.58112099681131
718 2.58927697776258
719 2.58622967367555
720 2.58991785055993
721 2.58214440579946
722 2.5752995074417
723 2.57259461085899
724 2.56677446330559
725 2.56997683658655
726 2.56411229937418
727 2.55946514556696
728 2.55829282018922
729 2.54948758772044
730 2.53527398250078
731 2.54918944490714
732 2.54607327599981
733 2.53932749872794
734 2.53373543299476
735 2.53515937775462
736 2.52148458665991
737 2.52965788215173
738 2.52280763903119
739 2.49506510928735
740 2.51131643359362
741 2.51185289433371
742 2.50128545124182
743 2.4974691794721
744 2.48488940704318
745 2.51141921347791
746 2.48957470272345
747 2.48535623444128
748 2.48295227053078
749 2.47350205513818
750 2.47408974339417
751 2.46511505786101
752 2.4631004355022
753 2.46074556260661
754 2.44611826378725
755 2.4589890854919
756 2.4459317329269
757 2.45696532477474
758 2.44274352497109
759 2.43900954989992
760 2.44848053224398
761 2.44448936165794
762 2.44311689710997
763 2.43356301515438
764 2.42330678514495
765 2.41907861317322
766 2.4262022177482
767 2.42950996988642
768 2.42276827998665
769 2.40926746207442
770 2.41836001027757
771 2.40393406638773
772 2.39935381682648
773 2.41694169356221
774 2.41689708448575
775 2.41002507790697
776 2.40314962427563
777 2.40357410404787
778 2.40284949229796
779 2.39518516389752
780 2.39624357886902
781 2.39246812760528
782 2.38282173111259
783 2.38677625919933
784 2.38492713694452
785 2.38494734833235
786 2.37496633552583
787 2.36092883698821
788 2.37368331457012
789 2.36825086214164
790 2.36935570018166
791 2.36405246454637
792 2.35171918236553
793 2.3572264046779
794 2.34378002702754
795 2.35323712626245
796 2.34788405576289
797 2.34666035306306
798 2.3441993015524
799 2.34304979164525
800 2.31930871593732
801 2.33674022733
802 2.33274586249219
803 2.3322866497306
804 2.31815304638259
805 2.32159082356423
806 2.31845237559478
807 2.31516723126927
808 2.30481818041141
809 2.31292939419778
810 2.30668178620502
811 2.31135430517968
812 2.30572250819975
813 2.30209502187843
814 2.29957984856097
815 2.29552150461515
816 2.28900097598139
817 2.28808867241849
818 2.27118272459422
819 2.2816155207668
820 2.28086281560994
821 2.27656121067132
822 2.27654809687136
823 2.26741939745222
824 2.26281198179591
825 2.26379781181487
826 2.25298660477052
827 2.26359349084401
828 2.26212945115184
829 2.2589801987929
830 2.25347068844767
831 2.25320608158702
832 2.25200108624563
833 2.24945951926542
834 2.23584882134553
835 2.22525385106234
836 2.23638441004396
837 2.23127159018403
838 2.23594047349784
839 2.23127859375572
840 2.2271526617263
841 2.22785554859674
842 2.22668321475246
843 2.2213502603819
844 2.22428783044737
845 2.20624954995049
846 2.21756778634035
847 2.21027293425065
848 2.21186038109802
849 2.20635613367831
850 2.20721059844103
851 2.19784932049083
852 2.20307238117087
853 2.19257437858784
854 2.18191764518835
855 2.18613987301736
856 2.18748225980381
857 2.18393077691439
858 2.18196965806389
859 2.17613350455663
860 2.16925927147879
861 2.16759128084634
862 2.16370287401084
863 2.16827025403757
864 2.16382634343791
865 2.16525477131781
866 2.14898578174007
867 2.15807578170723
868 2.15025102642273
869 2.15774948527981
870 2.15070954123067
871 2.13877125306088
872 2.1436408340793
873 2.14178623804135
874 2.14277359189378
875 2.13882954484444
876 2.13963312513592
877 2.1373244627598
878 2.13056800016893
879 2.13011413622107
880 2.12870564582838
881 2.12091345301584
882 2.12447079668666
883 2.1149446849484
884 2.11979708535837
885 2.11470997446753
886 2.10144738358085
887 2.11015809181247
888 2.11231784015953
889 2.10623967869236
890 2.10436029137503
891 2.10365667355145
892 2.09641770875461
893 2.09904429167145
894 2.09360028154084
895 2.09680732315384
896 2.09105096135298
897 2.085525904322
898 2.08535646759615
899 2.08430772492667
900 2.08138429690353
901 2.07890461321682
902 2.0768556424215
903 2.07502169736268
904 2.06999388322444
905 2.07217785935437
906 2.06802833430545
907 2.06409105591823
908 2.05750797052744
909 2.06012524199249
910 2.05684742607945
911 2.05291044959308
912 2.05085627811172
913 2.05319028763189
914 2.04730653821906
915 2.03995401875531
916 2.03746321381831
917 2.04353230016187
918 2.03961465617859
919 2.03029149467076
920 2.03186517601104
921 2.02987693511512
922 2.02950475882908
923 2.03078589715305
924 2.02759931701077
925 2.02361819448886
926 2.02204676187781
927 2.01945644415321
928 2.01412834262596
929 2.01961604874777
930 2.01430763896743
931 2.01332223717024
932 1.99778631012824
933 2.00508093351164
934 2.00690449521635
935 2.00503624073514
936 2.00842424604346
937 2.00001315400407
938 1.99171686041435
939 1.98662918521431
940 1.99425920225726
941 1.9926613448135
942 1.98915876385858
943 1.99110584465011
944 1.9862109649213
945 1.98471894756264
946 1.98462564947203
947 1.97824129717212
948 1.97827597329217
949 1.97339160145212
950 1.97242111686837
951 1.97252745203404
952 1.96943920330904
953 1.96530151392882
954 1.96923170849531
955 1.96609602880466
956 1.96121518457601
957 1.95963372298578
958 1.95812807881773
959 1.94690178453846
960 1.95748152568316
961 1.94695088300098
962 1.94461646342887
963 1.94226447807121
964 1.93692473901839
965 1.94073684898932
966 1.94808939411912
967 1.93786862630571
968 1.94008935005013
969 1.9398209982221
970 1.93763405152623
971 1.93734265286767
972 1.93379704525848
973 1.93170484171408
974 1.92560469923641
975 1.92493053161012
976 1.91819506566264
977 1.92302972396212
978 1.92124453539206
979 1.91180971353893
980 1.91313524166697
981 1.90996830679642
982 1.90802139391608
983 1.90795851047215
984 1.90373388419197
985 1.90493781198306
986 1.89959295684754
987 1.89758463032768
988 1.90237760947203
989 1.89665485750663
990 1.89970391346355
991 1.89533201056848
992 1.88854526550649
993 1.88631505083223
994 1.88730479329303
995 1.88655280644339
996 1.88812648086201
997 1.8797551788867
998 1.8824937153104
999 1.87738016429177
