203 9.94370028006345
0 6.30903619009286
1 7.09328754327645
2 7.95245962480879
3 7.37603397663668
4 7.77835338320756
5 7.8614274906654
6 8.42382177552253
7 8.3737813726831
8 8.83806572680806
9 7.86235288219961
10 7.95799949376136
11 8.29997855122266
12 8.49991820214606
13 9.07048129281574
14 9.02835551006089
15 8.08961640915411
16 9.05427324077509
17 9.01632207202032
18 8.80105120833969
19 8.22633513174915
20 9.15233785595043
21 8.77610571241256
22 9.1206939429954
23 8.22090133139247
24 8.88969127810858
25 9.14693513629902
26 9.19961568927606
27 9.06804770120669
28 9.13788908283041
29 8.99731394980714
30 9.11581656533688
31 9.04098181944314
32 9.10238635932782
33 9.25585437190439
34 9.23820659800471
35 9.13363566007114
36 9.03397833639367
37 9.12249294770452
38 9.12524260773684
39 9.16349764691337
40 9.17159471324893
41 9.1398650423931
42 9.23559414105114
43 9.07573912086119
44 9.23384916987534
45 9.17577051414547
46 9.11685509606322
47 9.05964649259153
48 8.7334424683664
49 9.22422862701144
50 9.1594479586604
51 9.2743702679554
52 9.3019716105416
53 9.32780361092628
54 8.89804262405437
55 9.08656193773453
56 9.44047918716379
57 9.29222128833899
58 9.08831505800891
59 9.31487366436974
60 8.96738852639174
61 9.19010797211598
62 8.79583959772483
63 9.52982144037005
64 8.60613954901234
65 9.21285538699507
66 9.49478452078971
67 9.26339513691829
68 8.92290669724838
69 9.48914525991697
70 8.93795266652009
71 9.33697414156763
72 8.8257603669323
73 9.09975256719741
74 9.52809040594421
75 8.83338679047745
76 9.29417303127345
77 8.82862594102415
78 9.47155132398548
79 9.18828528791162
80 9.35100541184733
81 9.43539376854091
82 9.53131908095846
83 9.54207608167933
84 9.16247760395294
85 9.52742453578071
86 9.55231057823747
87 9.63254382784921
88 9.54357424882108
89 9.60114158008386
90 9.63187853283188
91 9.56713831872012
92 9.58586166031509
93 9.47208728991132
94 9.6106602891211
95 9.50632834228277
96 9.55927043178531
97 9.57132900014216
98 9.66557114258182
99 9.61522699094664
100 9.46771200909954
101 9.56955274027908
102 9.51875268296997
103 9.60288241498439
104 9.58450626477373
105 9.55550898342624
106 9.67011672889157
107 9.43503108249511
108 9.67951257730814
109 9.6040306839549
110 9.71511390154777
111 9.68544213941104
112 9.60905917264886
113 9.75064891155119
114 9.26386547084063
115 9.7247442940583
116 9.789689039712
117 9.86120033912852
118 9.77255242723283
119 9.75910219863772
120 9.85794052390679
121 9.83985054851102
122 9.83821194938303
123 9.78181197255702
124 9.84352058453414
125 9.78664080332044
126 9.89264876846912
127 9.90339061463337
128 9.8042009371896
129 9.84654856598562
130 9.88985325360845
131 9.87735891190614
132 9.91988471619709
133 9.56675205744468
134 9.91429767646829
135 9.82114307629854
136 9.90761031781471
137 9.72303412984409
138 9.87998775482871
139 9.75973645978428
140 9.73684056046757
141 9.94214880761609
142 9.87782235670591
143 9.90538350133796
144 9.97434187328652
145 9.89473928726084
146 9.80940699789633
147 9.87828495363193
148 9.9870838456203
149 9.98391419493409
150 9.98618557361204
151 10.0118818578243
152 9.87067855550795
153 10.075047645062
154 9.99798803818837
155 10.0452449949307
156 9.8148042554542
157 9.97507531666348
158 9.8982606515416
159 10.1033051558719
160 10.0915179991206
161 10.1668488171795
162 9.6497904555186
163 10.1008161620307
164 9.87448118043037
165 10.057245766811
166 10.0815340738774
167 10.1095684868148
168 10.117041822395
169 10.1609151341106
170 10.0531423103484
171 10.046557740105
172 10.1221034999558
173 10.177685642691
174 10.1712535430446
175 10.1222251697415
176 9.856030568948
177 10.2062676293683
178 9.63292270569872
179 10.2402772495281
180 10.1891837983985
181 10.2459319267031
182 10.2700293222779
183 10.2221916985484
184 10.2578684306916
185 10.2252766523836
186 10.0821032292764
187 10.2762947019578
188 10.2873507591582
189 10.1711117918295
190 10.2118143074982
191 10.284098782054
192 10.3741359158236
193 10.1823800964876
194 10.2882179781323
195 10.2979724093245
196 10.1304596472623
197 10.0335808891663
198 10.0238277799885
199 9.9213069618475
200 9.97447455765315
201 9.96946045313092
202 9.92510101159374
203 9.94370028006345
204 9.82735687649147
205 9.75416404709666
206 9.74995504566639
207 9.77575425981627
208 9.77363430551481
209 9.71307014764568
210 9.70720312310048
211 9.5049458271583
212 9.44014297355679
213 9.40399332435826
214 9.3778337978144
215 9.27648351968678
216 9.29645083804965
217 9.3637291686001
218 9.20853190518617
219 9.13828573203015
220 9.09905068170305
221 9.08714648744014
222 9.096319048685
223 9.10091605986599
224 9.10752289108394
225 8.98804985184956
226 8.91172053138307
227 8.84405265758826
228 8.85452587200504
229 8.85775273011261
230 8.74596598013531
231 8.8100095042729
232 8.71376808133448
233 8.63267343518975
234 8.58059409237246
235 8.58369838047347
236 8.59260723835496
237 8.61076500086719
238 8.53997268409218
239 8.47524195215382
240 8.41586806456181
241 8.36845751596915
242 8.41277663897734
243 8.40397400714306
244 8.38248745878363
245 8.35586970493095
246 8.27762758865155
247 8.17212852072972
248 8.13834286843845
249 8.18342142578582
250 8.18923273835216
251 8.14860106976121
252 8.13709310386888
253 8.04308937605991
254 8.03136406010639
255 8.04182202400931
256 7.97462542463481
257 7.95592554737141
258 7.96592931326852
259 7.9513910401458
260 7.83542689667878
261 7.75708131667548
262 7.78047567236103
263 7.80074118844682
264 7.73428127826886
265 7.74112203855814
266 7.75435214630896
267 7.62983632731081
268 7.6200627170468
269 7.60295208733585
270 7.59245408903873
271 7.58701903021824
272 7.5808709009348
273 7.56729968114828
274 7.49404231211138
275 7.39881158718378
276 7.36545951984507
277 7.43752674261286
278 7.4150102067813
279 7.38158195236287
280 7.34806161833888
281 7.29801479201245
282 7.19520709018448
283 7.23792709556273
284 7.23394541607988
285 7.23721174437993
286 7.23211268644031
287 7.24532910516854
288 7.15548695057598
289 7.06808973140855
290 7.11387922394558
291 7.06206787018832
292 7.08590611177266
293 7.04774420610275
294 7.05061019193065
295 7.00957461528625
296 6.98358925176401
297 6.9631840068186
298 6.98908171153164
299 6.97049824825569
300 6.96791121450059
301 6.93448399317707
302 6.87102132052821
303 6.87051118248158
304 6.84437639093784
305 6.8244890941546
306 6.80684313719272
307 6.80605769909271
308 6.78384660945518
309 6.72500718585467
310 6.70494980616707
311 6.66398925561743
312 6.67275408002069
313 6.64671534513068
314 6.64326711108811
315 6.59572361908533
316 6.56813147603714
317 6.51186178848973
318 6.51058998125381
319 6.47386541126779
320 6.505649212721
321 6.5015618274129
322 6.48257337219728
323 6.42554879164706
324 6.40846235021952
325 6.41716327887095
326 6.40217282922494
327 6.36733661891115
328 6.36428494564989
329 6.36591813754554
330 6.33070246781131
331 6.2849988253636
332 6.31502082825099
333 6.29249281444849
334 5.35092540731163
335 6.27722822123615
336 6.25853055885551
337 6.16654195360809
338 6.17329431679345
339 6.14145479984314
340 6.14552509270516
341 6.13247932552362
342 6.12672544694675
343 6.11345542661774
344 6.05187215215681
345 6.06164799413952
346 6.06120733051522
347 6.0405138358459
348 6.0550718880522
349 5.99857971318645
350 6.01775658078381
351 5.96586815373009
352 5.97410823521245
353 5.94381566883929
354 5.93590702702738
355 5.92587169483104
356 5.91731495210364
357 5.88387471479035
358 5.8564643414408
359 5.86643144442824
360 5.83108266571443
361 5.82038254576783
362 5.8105878267826
363 5.79752113318718
364 5.76239636914532
365 5.74495210759587
366 5.70605647413505
367 5.70806831218326
368 5.69236157804428
369 5.68893045513901
370 5.66234595021021
371 5.66867917134297
372 5.64502504119561
373 5.5906092059981
374 5.60279586310689
375 5.60565994375142
376 5.59308932954306
377 5.58715475527605
378 5.56131896111378
379 5.54128196751616
380 5.54544219005503
381 5.50046901140716
382 5.49768874589041
383 5.48384045946143
384 5.47306587176549
385 5.47485349291495
386 5.41076624607512
387 5.40848389165078
388 5.42593126415921
389 5.41214787486866
390 5.37217623970252
391 5.40367101630079
392 5.38990799602555
393 5.31971032864016
394 5.32368599921774
395 5.32684271951804
396 5.33483073440471
397 5.31343246056913
398 5.30783533559026
399 5.30478566644438
400 5.23606015459214
401 5.23008824443883
402 5.19700518152474
403 5.22781393576374
404 5.19577706829945
405 5.22844587818146
406 5.21311872608251
407 5.17331608281722
408 5.16051107557628
409 5.16726049701441
410 5.15566470145955
411 5.14548595409409
412 5.14315944570455
413 5.14687454557089
414 5.12853511443591
415 5.09659466581724
416 5.10267331143663
417 5.08045780283062
418 5.09995123807174
419 5.09183391406137
420 5.08743949570756
421 5.02119649253616
422 5.02636598211854
423 5.02263885860164
424 4.99312603649937
425 5.0071922327454
426 4.99470340046344
427 5.00676536824801
428 4.9351183468564
429 4.93724059021519
430 4.95304355867786
431 4.95214419484127
432 4.91564255472927
433 4.93518753859521
434 4.92377649609181
435 4.88299388704068
436 4.84506154475162
437 4.85788416294588
438 4.85102904539787
439 4.85978687592711
440 4.83761888222209
441 4.85261425828663
442 4.82904102504586
443 4.79171740424145
444 4.78588522409809
445 4.80217143088255
446 4.7693159577191
447 4.79733339421674
448 4.76706571807044
449 4.72714352225166
450 4.73361610561906
451 4.71178339130969
452 4.70667538812316
453 4.72021944455619
454 4.70024635345113
455 4.70539683080031
456 4.66196948278384
457 4.65059103787965
458 4.65270455522492
459 4.6564439332676
460 4.64678570314342
461 4.64269398762865
462 4.61439293361519
463 4.56120086316634
464 4.60052519394089
465 4.58773894218284
466 4.58753976897505
467 4.59119396359962
468 4.56454197759047
469 4.57068428230842
470 4.53162523163539
471 4.52950275184247
472 4.52010846467683
473 4.53696101485808
474 4.49874608235493
475 4.49077239392106
476 4.51174671627923
477 4.46280141709819
478 4.45430704522746
479 4.45127624657122
480 4.43203444152659
481 4.45801992943765
482 4.45111480669302
483 4.43633779649467
484 4.41615265007063
485 4.40487961743853
486 4.39435922621801
487 4.38483242478234
488 4.37922471549144
489 4.3873951335154
490 4.3850495141713
491 4.3649707092297
492 4.32767338756813
493 4.32068116356958
494 4.3156637377986
495 4.33841598349871
496 4.31992005828235
497 4.31828946128463
498 4.29041054272299
499 4.26814875024007
500 4.284995806326
501 4.27595417643901
502 4.27627821250288
503 4.26792461171735
504 4.26466270964509
505 4.2218586374815
506 4.20795861764216
507 4.24062051151201
508 4.21436170968368
509 4.22709546154741
510 4.15968854626922
511 4.19312730326785
512 4.13918451632516
513 4.1258763423795
514 4.13495840757943
515 4.10573197186549
516 4.1126012488626
517 4.11433406758111
518 4.12713501672862
519 4.08959200009175
520 4.05976365625783
521 4.0799852055795
522 4.06656791578508
523 4.09344188693707
524 4.07811286044106
525 4.06689407988459
526 4.03229776766849
527 4.02575565092098
528 4.03123713691627
529 4.02715988289451
530 4.02334547665541
531 4.02935883105295
532 4.01259016802041
533 3.98297900301285
534 3.99545588572946
535 4.00179156178421
536 3.99897958945115
537 3.9874769730342
538 3.9952809060853
539 3.96928195334066
540 3.98584019900749
541 3.95042908958008
542 3.96700359335806
543 3.9353659815817
544 3.94150939238741
545 3.93397059678055
546 3.91721929436008
547 3.93050487628074
548 3.90687830997505
549 3.90347377966224
550 3.90282681178816
551 3.8909773033086
552 3.88675997514986
553 3.88868252689525
554 3.85712318173415
555 3.8630819416762
556 3.86000573607389
557 3.85127910607253
558 3.85436176834549
559 3.85353400666251
560 3.86053320827068
561 3.83374591544411
562 3.81360434903747
563 3.82064912696077
564 3.80955100243485
565 3.80838740688422
566 3.80741069470676
567 3.78645802708519
568 3.77173063802258
569 3.75768622856653
570 3.76469119209896
571 3.773058927644
572 3.7406152825807
573 3.72567835755415
574 3.75902322957218
575 3.72173349761035
576 3.74499317576618
577 3.72285739654977
578 3.71806643994132
579 3.71018350367544
580 3.72446937590719
581 3.72613703281178
582 3.68900823171184
583 3.67823943806071
584 3.67746273453409
585 3.66824574039626
586 3.66947519237302
587 3.67140642690279
588 3.68782081611155
589 3.65111634725776
590 3.64251757106602
591 3.63412205863768
592 3.64994309523575
593 3.6416790730417
594 3.64090743871903
595 3.6451801785978
596 3.60385658063019
597 3.59923677423852
598 3.60694253083977
599 3.60634568471592
600 3.59191091813634
601 3.61203652201353
602 3.60421075296643
603 3.56712592781921
604 3.56336151402817
605 3.55561209123429
606 3.5717796846743
607 3.553226756201
608 3.56566478016719
609 3.54721205329825
610 3.52916457712408
611 3.53133190389448
612 3.51490328942895
613 3.50940459904637
614 3.48741537952327
615 3.52362302552966
616 3.52070953014085
617 3.48373508869335
618 3.49200714343633
619 3.48298183316883
620 3.48683055507425
621 3.49008173038896
622 3.44369822428529
623 3.4563756111356
624 3.42595555471546
625 3.41522902696142
626 3.41536647529465
627 3.42314368176713
628 3.42160718170294
629 3.41160577011624
630 3.41729980813466
631 3.39266607308824
632 3.3884286955998
633 3.38799675328463
634 3.35945576327415
635 3.37442117918928
636 3.37802744502714
637 3.38644313328868
638 3.36046906366812
639 3.35044243903733
640 3.33384535919563
641 3.35227523096194
642 3.34930964315118
643 3.34157628635075
644 3.33445940883138
645 3.33072935072266
646 3.32299945188903
647 3.30228482882313
648 3.31113090212386
649 3.31150870613021
650 3.30675458734683
651 3.31136045886229
652 3.27165959371181
653 3.2802176993897
654 3.28463399057663
655 3.27971041816281
656 3.25911026151634
657 3.27008831856877
658 3.26714041601249
659 3.25306954270271
660 3.23562114088736
661 3.23449258664115
662 3.24455904850768
663 3.23318595832152
664 3.24286834228402
665 3.23375374096228
666 3.21389727814628
667 3.19666205134295
668 2.94402001887863
669 3.20312572005752
670 3.19960499861989
671 3.19277303979199
672 3.19504214202047
673 3.18800782596409
674 3.18477288063958
675 3.1791698723916
676 3.15769448023644
677 3.17099386344412
678 3.15972299591127
679 3.16455169653861
680 3.1649660549842
681 3.14780570751485
682 3.14427958465432
683 3.14050510702804
684 3.13771515148614
685 3.14075261233554
686 3.12802242671914
687 3.12220561643468
688 3.10770795421332
689 3.1078952591357
690 3.10307628434238
691 3.0882897569621
692 3.0999139739396
693 3.10469107366529
694 3.08621215912971
695 3.08076769877398
696 3.07136880228835
697 3.06288747181766
698 3.07524358334561
699 3.0662443863081
700 3.07260454756214
701 3.06610818225024
702 3.0461910233146
703 3.04069170603432
704 3.06056715766131
705 3.0544279682729
706 3.05555433830555
707 3.04455919089264
708 3.01735005865158
709 3.02915519005648
710 3.03683386590855
711 3.01823894547081
712 3.0329745426002
713 3.03472705899671
714 3.0404528794348
715 3.00500782070533
716 3.01635788606535
717 3.01703489373692
718 3.00799713930978
719 3.00235014274679
720 2.98822782837525
721 2.98618667823537
722 2.98878512358156
723 2.99559801539229
724 2.96250182563386
725 2.97091814574022
726 2.96467914828069
727 2.95163778109431
728 2.95686949421159
729 2.93616511451525
730 2.94869337541278
731 2.93800729985776
732 2.93290869379135
733 2.92248403971519
734 2.93202686525359
735 2.92963722229311
736 2.92714549336732
737 2.91721405633787
738 2.91138168647137
739 2.91431136196618
740 2.91288632305033
741 2.91392001013601
742 2.88832129025034
743 2.88598802597901
744 2.88554727444465
745 2.8843512906337
746 2.887610015311
747 2.8796847382674
748 2.87640894932847
749 2.87952923195993
750 2.8693404957096
751 2.86720681359227
752 2.86401051033673
753 2.8494553196179
754 2.86019519112002
755 2.8575774723064
756 2.85541528817714
757 2.83291762016484
758 2.84172638246657
759 2.84332032988857
760 2.84398512565282
761 2.83730523688212
762 2.83091826815996
763 2.83131744410866
764 2.80789795514261
765 2.80917098769481
766 2.81410684512747
767 2.80484063858785
768 2.81035563845219
769 2.80792978850091
770 2.79944831941563
771 2.79763682388582
772 2.78404103632373
773 2.7855971364656
774 2.78750123495016
775 2.78970051357632
776 2.79003773364091
777 2.78573713328334
778 2.75767666442136
779 2.7714382176087
780 2.76838840037793
781 2.7596713262966
782 2.75658507351441
783 2.76630073199148
784 2.75515772763562
785 2.74747743415187
786 2.74433272557116
787 2.73101871457145
788 2.73582730511998
789 2.74086166132238
790 2.72825296478859
791 2.7412842355064
792 2.72693868858053
793 2.71349216708532
794 2.71744176772553
795 2.71191243586701
796 2.71227707406411
797 2.70044689691592
798 2.71412333687471
799 2.70088348741693
800 2.6876539336303
801 2.69280666043865
802 2.69364820397273
803 2.69302930258881
804 2.69482092045611
805 2.69008282405165
806 2.69664401815664
807 2.6712216456984
808 2.6721608244405
809 2.66662546793425
810 2.66932177074399
811 2.66433217041733
812 2.66277274407587
813 2.65692978452415
814 2.65352552133748
815 2.64545796002163
816 2.65236378617478
817 2.64056397207377
818 2.638151035824
819 2.6455342288924
820 2.64234033058662
821 2.62946823142232
822 2.61746815031422
823 2.63461359537761
824 2.62749413186739
825 2.6167054249391
826 2.61877453088192
827 2.62135919540361
828 2.61253367447012
829 2.61269790711549
830 2.61156596927156
831 2.61050927459364
832 2.60737722831929
833 2.60986240284038
834 2.60152406461845
835 2.58995608507639
836 2.58407776213994
837 2.58912406542165
838 2.58966108356196
839 2.58553975616311
840 2.58095547683946
841 2.58074118435491
842 2.57439393394245
843 2.57137084984426
844 2.56692721481322
845 2.56285765334736
846 2.55587971973108
847 2.5631345771096
848 2.5474734823687
849 2.54969131718711
850 2.54417813792054
851 2.54265427776094
852 2.54154467832584
853 2.54192472674036
854 2.5339027521268
855 2.53587294910086
856 2.51980008170763
857 2.52571982078993
858 2.52590315909416
859 2.5265576479467
860 2.52754378141231
861 2.51749560617776
862 2.50403328515868
863 2.50644451957231
864 2.50146531642689
865 2.50470302089271
866 2.50185817202494
867 2.49101960104263
868 2.49008537496791
869 2.49932073681101
870 2.47400587466588
871 2.47599061425429
872 2.47880923602661
873 2.48067993048582
874 2.47595656651987
875 2.4747196114671
876 2.46182701672632
877 2.47242327613194
878 2.46256725614023
879 2.4598523078682
880 2.46582178483833
881 2.45754534584198
882 2.45340279850796
883 2.44709762117173
884 2.43649571252735
885 2.44095364455064
886 2.45316947182536
887 2.44161499876083
888 2.43573664803104
889 2.43052884523588
890 2.42693673429198
891 2.42770555900717
892 2.42991490410508
893 2.42062740882611
894 2.41793429778661
895 2.42000005614896
896 2.42532821926316
897 2.42171475527269
898 2.41422780929775
899 2.40956034259561
900 2.40513095059772
901 2.40346898582839
902 2.40587533908929
903 2.39634675461239
904 2.39273575699601
905 2.40005848374255
906 2.39612640885553
907 2.39030946504825
908 2.38467325082499
909 2.3829952845801
910 2.38415182909614
911 2.37918314583551
912 2.37826296419789
913 2.37447376752304
914 2.37345595026303
915 2.37545570595609
916 2.36936882808962
917 2.36419123013688
918 2.36577087441584
919 2.35644947095468
920 2.35700218195789
921 2.35751570383737
922 2.35651845688239
923 2.35275990052622
924 2.34741060921595
925 2.34688759330287
926 2.34789301905555
927 2.34438062877996
928 2.33755912035181
929 2.33663967657568
930 2.33741128598083
931 2.33136196442719
932 2.32777938198957
933 2.3217393224161
934 2.32061241749308
935 2.32339980434924
936 2.31826624922817
937 2.32312764157591
938 2.31619152440009
939 2.30781261588014
940 2.31464879298818
941 2.30717040397209
942 2.30146556772948
943 2.30339775770652
944 2.30222326830306
945 2.30314193803997
946 2.2979881510536
947 2.29467633557471
948 2.28981308754288
949 2.28751202257684
950 2.28799030439486
951 2.28725001811968
952 2.28681331814015
953 2.28492181183612
954 2.27930075849832
955 2.26936627740197
956 2.27413281321068
957 2.27494717136581
958 2.26702131457598
959 2.25879506269027
960 2.26115824380939
961 2.24948119760503
962 2.25149179487368
963 2.24308195638106
964 2.25358016712747
965 2.25116677660339
966 2.23863805162558
967 2.24589019542017
968 2.24362759194233
969 2.2357140739038
970 2.24157060557678
971 2.2310732800168
972 2.22924140915603
973 2.22800055040053
974 2.22905948134445
975 2.22928544305477
976 2.22333745885815
977 2.22457489049505
978 2.22080292570507
979 2.21507166112007
980 2.21896367652708
981 2.21264648515959
982 2.21693934433181
983 2.20981276125095
984 2.204374215216
985 2.20498484923895
986 2.2064677975145
987 2.20387784986912
988 2.19218278111157
989 2.19489130261528
990 2.19796052207307
991 2.1930645664698
992 2.18696616542998
993 2.1878662766391
994 2.18742644344291
995 2.18068176462473
996 2.17091928370372
997 2.17277394011935
998 2.17441739742237
999 2.17311929099592
