128 9.0276154606601
0 6.19414681812768
1 7.82910267156028
2 7.72236895586671
3 6.88833231744783
4 8.13754372496161
5 8.29846162522758
6 7.30687048702351
7 7.58609633287353
8 7.79994805881395
9 7.67122440063025
10 7.23741174137247
11 7.56142682935674
12 7.82992358261785
13 7.85960162486054
14 8.33940774279241
15 8.4001267925251
16 7.75960779894061
17 8.1224681070242
18 7.68930075274633
19 7.77761895062442
20 7.81748560854162
21 7.69312811595572
22 7.89690854170787
23 7.92540397822765
24 8.15037254869407
25 8.50043696774281
26 8.0971717503887
27 8.05354592466178
28 9.12371777129543
29 9.11726662617439
30 8.69759789566498
31 8.48007192868668
32 7.65028165198092
33 8.41047765201642
34 8.28796782599802
35 8.40395013658816
36 8.40071016111919
37 8.99247969972356
38 8.45264060544122
39 8.59993856799
40 9.13653082021147
41 8.69274894172521
42 9.11976545694966
43 8.19813249311899
44 8.32613509695068
45 8.30876761616596
46 8.66748211169913
47 8.50905998488668
48 8.84393548302141
49 9.1753475336135
50 9.11657418356
51 8.56135519447734
52 8.07431508736159
53 8.03483365750908
54 9.29474277289832
55 9.08407222143898
56 8.80591764772883
57 8.99461053416882
58 9.0613742406647
59 9.18101486473963
60 8.88737680650907
61 8.8885515731732
62 9.1136226122683
63 9.21749724101749
64 8.32725927867599
65 9.38377260898631
66 9.08351369300831
67 9.21801415376143
68 8.73735007571039
69 9.50432692086471
70 9.04424217263878
71 9.0996436468334
72 9.20123483188111
73 9.12727321842481
74 9.2162595249673
75 8.89456448332546
76 9.19816327602323
77 9.1408098376953
78 9.15987713878182
79 9.17275282487592
80 8.88094923448086
81 8.87582969882136
82 9.10244463625714
83 9.39726008112473
84 9.44948037093537
85 9.07945455474358
86 8.95013914960136
87 9.235124336173
88 9.17683121318777
89 9.0901692432629
90 9.12689046023007
91 9.12481666696118
92 9.09897051632769
93 9.18041509701681
94 9.07493260517075
95 9.1132538950631
96 9.17395966236558
97 9.1050724143472
98 9.10577674400189
99 8.9395474350176
100 9.33629410671065
101 9.02395794444871
102 9.34583638392674
103 9.05196584676489
104 9.10741529997592
105 9.10071481033646
106 9.1213018922397
107 8.98341721284772
108 9.194018035287
109 9.25183290479915
110 9.15656889368735
111 9.05331630064498
112 9.2553535513743
113 9.08561173356165
114 9.0596007582143
115 9.07172150675657
116 9.12685621901369
117 9.1542496444853
118 9.20418075098345
119 9.57169721939858
120 9.4220586139301
121 9.11634491105049
122 9.16497519448546
123 9.15042074698827
124 8.9727289850062
125 9.39301972555687
126 9.14798841437923
127 9.23044292396529
128 9.0276154606601
129 8.81036685406108
130 8.953025300272
131 9.04450818373936
132 8.78516625580234
133 8.77506176516844
134 8.80255714826748
135 8.76622911763312
136 8.51454708235855
137 8.52492975132858
138 8.50603190942322
139 8.48949165223551
140 8.18017563081855
141 8.33399425338327
142 8.25562640464987
143 8.19207436370661
144 8.25882519622738
145 8.12331733648195
146 8.05728200007493
147 8.04200456898144
148 8.10037537265337
149 7.92412640546669
150 7.93846258937407
151 7.90660159847948
152 7.81420895305904
153 7.77029162152402
154 7.65221854600208
155 7.67468458231146
156 7.64830726505803
157 7.54496768926224
158 7.48000809542655
159 7.39979082171996
160 7.54532702972494
161 7.3975881583546
162 7.32271022933075
163 7.3281002521687
164 7.33664414600977
165 7.21453423676673
166 7.19350217796565
167 7.22101908281992
168 7.24397518709104
169 7.14333189735556
170 7.09447215136987
171 7.04670532858013
172 7.00660645392197
173 6.9269838554009
174 6.93547422492704
175 6.88075084616327
176 6.91976935006066
177 6.76766609585865
178 6.77683977154146
179 6.71633209168237
180 6.70059018861014
181 6.6372017663298
182 6.64628477582338
183 6.61630451475246
184 6.63987883457798
185 6.62487932342569
186 6.49267150085309
187 6.51056171590892
188 6.50168886504812
189 6.41799546455695
190 6.38584984150741
191 6.37833450405028
192 6.36953538439733
193 6.26026063039108
194 6.23176703150725
195 6.29877369841676
196 6.22650672005223
197 6.17651852900436
198 6.14866751739462
199 6.17560285456321
200 6.15593942821051
201 6.04563438767134
202 6.0683120657388
203 6.04617396848457
204 6.00527705614455
205 5.98337034005649
206 5.95818838087549
207 5.92294545005973
208 5.90420571231824
209 5.82663402878575
210 5.82720253202289
211 5.79838615875784
212 5.84097439663776
213 5.73129842992404
214 5.71184619742499
215 5.75170213423265
216 5.7032888714767
217 5.65624720993215
218 5.61952212156613
219 5.626360969668
220 5.62736397746712
221 5.53134839978166
222 5.50707695000961
223 5.55469528229051
224 5.52332409660353
225 5.45137011666858
226 5.44006238676485
227 5.45631270134133
228 5.4329430131779
229 5.42992729548942
230 5.35040210213501
231 5.34834465661611
232 5.35611011092222
233 5.29846781464046
234 5.24916553713938
235 5.22175171445537
236 5.23591941168427
237 5.24924180158177
238 5.17643817295757
239 5.17625778520862
240 5.16498834053425
241 5.11887595705596
242 5.10655832068897
243 5.11397364717213
244 5.11599933508373
245 5.05435762714603
246 5.05677241244748
247 5.04597901628911
248 5.04006385466021
249 4.99019675325001
250 4.95350703557329
251 4.94326245842406
252 4.95196633246474
253 4.88495032881566
254 4.91396362530664
255 4.91124764196557
256 4.88528669223348
257 4.82392807011089
258 4.80645002381424
259 4.79256636019828
260 4.81596426635142
261 4.77665836385547
262 4.76157728286764
263 4.73887201666623
264 4.72661674161239
265 4.70830088681464
266 4.66632319200745
267 4.67655309446691
268 4.67660263955946
269 4.61890529085371
270 4.59291677854602
271 4.58889587289784
272 4.61556218064422
273 4.53563110611834
274 4.58064015097484
275 4.57048563306078
276 4.55551655944076
277 4.53025214257042
278 4.54554774359599
279 4.52106815283794
280 4.48215020859405
281 4.46078779926052
282 4.42954407532934
283 4.42879824571624
284 4.42571777622024
285 4.36763745012338
286 4.34429832593874
287 4.35660089978163
288 4.36318124207858
289 4.32139716099286
290 4.31414974772572
291 4.31726749408211
292 4.32398409583451
293 4.2949873494281
294 4.2811828261016
295 4.26240629112943
296 4.25342361407559
297 4.20673762237843
298 4.21509791826938
299 4.19740352657063
300 4.20044243257956
301 4.17608178617882
302 4.13972467807525
303 4.16014269414895
304 4.15372428715384
305 4.1131100771997
306 4.11598524287801
307 4.10787916039076
308 4.08456013435574
309 4.06274909011017
310 4.04716067916737
311 4.05715997923113
312 4.04356145007543
313 4.04424441796794
314 4.02678214564821
315 3.98558654240085
316 3.99188176195455
317 3.97526154935758
318 3.94046009395214
319 3.94706609881765
320 3.9242727431301
321 3.93437566128134
322 3.92679536593116
323 3.89604082032993
324 3.88821500273734
325 3.86004316483294
326 3.86462311174256
327 3.85435281180075
328 3.8414695832939
329 3.83490813400046
330 3.82373394911863
331 3.80463640960337
332 3.81279333508962
333 3.78087989750779
334 3.424305451311
335 3.7728389113563
336 3.76288524960713
337 3.74812971141448
338 3.71898293732452
339 3.7170049995311
340 3.72013083806945
341 3.6961777664453
342 3.66521405926652
343 3.67343953693218
344 3.68711457023896
345 3.64703233660702
346 3.63636747141711
347 3.66276952565412
348 3.63472463513086
349 3.6413340923362
350 3.61034212624318
351 3.61561326164358
352 3.61304314334264
353 3.60478932482987
354 3.56514397815264
355 3.56940834398278
356 3.56898546260596
357 3.55792130439522
358 3.54228756201619
359 3.54279941408729
360 3.53904895859788
361 3.52172434352916
362 3.49062479463624
363 3.49400415553577
364 3.5070664577543
365 3.46690182367126
366 3.45059846666881
367 3.47677778395671
368 3.46742495772344
369 3.44205328356861
370 3.43917938789927
371 3.43271516311067
372 3.42454400607222
373 3.41152879699963
374 3.39903149431887
375 3.3980448027647
376 3.39070137777155
377 3.36745211159619
378 3.37661719575277
379 3.34530125104685
380 3.35599241255046
381 3.31912791534271
382 3.31949476332416
383 3.31515144063748
384 3.31761689397878
385 3.30935481675891
386 3.28666848163384
387 3.28810116721443
388 3.2859023549953
389 3.28074657099436
390 3.25470200784204
391 3.25558222022299
392 3.26733485315181
393 3.25021697933473
394 3.21828303581445
395 3.2263671665474
396 3.22150662672311
397 3.20790374462302
398 3.18740838315696
399 3.20393877550304
400 3.194146546645
401 3.16685725033773
402 3.17577344595721
403 3.17429400700813
404 3.13930093380598
405 3.13380272920836
406 3.11753030906022
407 3.11756102716166
408 3.13235119283932
409 3.11781478538423
410 3.11582791062611
411 3.09891010442073
412 3.10750020714664
413 3.09091383943231
414 3.07448243741301
415 3.07985893535768
416 3.08650974489943
417 3.06960823684964
418 3.06574188257339
419 3.05038994959573
420 3.06624335571494
421 3.04555356861228
422 3.02780548877765
423 3.01864683565152
424 3.00741935538815
425 3.0209163369701
426 3.0070983317297
427 2.98528831884499
428 2.98399636904203
429 2.99631174206839
430 2.96272447342692
431 2.98308063063602
432 2.9765632239313
433 2.94745353206943
434 2.91845830520017
435 2.92931056272295
436 2.94188478311327
437 2.94367455080585
438 2.91234720817752
439 2.9356800912875
440 2.89967195721564
441 2.89636995106419
442 2.88970042120016
443 2.88922704233845
444 2.89927976635012
445 2.8722966061705
446 2.87293785202796
447 2.86261775932363
448 2.85013345027567
449 2.85203313194159
450 2.84041829953027
451 2.85683987938824
452 2.84081986440742
453 2.8370922902852
454 2.81321959513138
455 2.8206001316346
456 2.81975853379168
457 2.80040842293646
458 2.80217631342452
459 2.80122732616722
460 2.79040426762023
461 2.78109879694642
462 2.76354060068544
463 2.7658405019898
464 2.76073688789127
465 2.73548925381873
466 2.75800722861176
467 2.74852586937095
468 2.72827302276442
469 2.71507946349739
470 2.71594381481909
471 2.72324106839082
472 2.7214810226245
473 2.71138785678778
474 2.71156932072362
475 2.70023268407812
476 2.69291383674141
477 2.66809212742255
478 2.66958344626984
479 2.67331118082856
480 2.65275494649593
481 2.66761179383021
482 2.65144900128909
483 2.63810513488441
484 2.65810417230692
485 2.6452148623679
486 2.62104162238831
487 2.62333219300164
488 2.63005263608547
489 2.63165658165897
490 2.61204739509372
491 2.61179457144266
492 2.60508621647263
493 2.58249806925561
494 2.59614334546991
495 2.59301052388633
496 2.58163503512134
497 2.57200548669619
498 2.56448386844154
499 2.57887058833174
500 2.57374619756014
501 2.55622174797388
502 2.54989294106045
503 2.53383595084678
504 2.54322589539085
505 2.52840500971747
506 2.53007402805675
507 2.52313389414453
508 2.52436344347121
509 2.5216241537641
510 2.50888938106275
511 2.49756165514468
512 2.5161344550099
513 2.50100167464374
514 2.48132361992934
515 2.47553026512074
516 2.49076144025153
517 2.46650357605887
518 2.46494260203048
519 2.46037900364138
520 2.45970705978688
521 2.45449442642358
522 2.45662607651917
523 2.4408073000352
524 2.44117637876747
525 2.44691241762607
526 2.434373396143
527 2.43404176468316
528 2.43041185959556
529 2.40946382150337
530 2.41070433498556
531 2.41506990202333
532 2.41130021404173
533 2.39975680870947
534 2.41023307597165
535 2.39596708861009
536 2.40448276767901
537 2.38295855926304
538 2.38183934336803
539 2.37441119376937
540 2.38204965725085
541 2.37027515915872
542 2.37286011048195
543 2.37504202633985
544 2.3694942171969
545 2.36286662735789
546 2.35785702498147
547 2.35421691529903
548 2.35144680994658
549 2.3444267180777
550 2.32231325995169
551 2.31641059805697
552 2.33355166108825
553 2.32457769240481
554 2.30920648754168
555 2.31681979354368
556 2.31497703031151
557 2.29962573896525
558 2.3073016480017
559 2.29729773684892
560 2.29212920083058
561 2.29413155206287
562 2.2947443975922
563 2.27663568287691
564 2.28441296813806
565 2.2739847677856
566 2.26953583569945
567 2.26248088172883
568 2.25137844451231
569 2.272810016176
570 2.25146646600449
571 2.25778336314924
572 2.24485871733374
573 2.24916045629364
574 2.23807704091348
575 2.24164308148074
576 2.23577270142831
577 2.22497936815174
578 2.22233497903011
579 2.22695562663404
580 2.21771621423859
581 2.22610554529262
582 2.20813449186626
583 2.20495060784182
584 2.19986381203795
585 2.19229679051763
586 2.19764398016118
587 2.19834504853974
588 2.18840860647405
589 2.18365071239718
590 2.17594496046231
591 2.18742639973505
592 2.18210252829717
593 2.16866929279486
594 2.15559210220593
595 2.17249914393408
596 2.16059840906527
597 2.14979431131819
598 2.14727493356277
599 2.1493416303
600 2.14338250554284
601 2.14699437998359
602 2.13543020535482
603 2.12919067189911
604 2.13061651551952
605 2.12890679200499
606 2.12895618398516
607 2.11642462124811
608 2.10665176291582
609 2.0983005855046
610 2.10448205692772
611 2.10766094936212
612 2.11546061825746
613 2.09647548123641
614 2.09434662897574
615 2.10459582538565
616 2.09433164392416
617 2.08726416982998
618 2.07820678692007
619 2.08555641777627
620 2.08927201412581
621 2.07428972551083
622 2.06423043062682
623 2.06641040780035
624 2.05932544670506
625 2.05734553012062
626 2.05768335453331
627 2.03732678558548
628 2.0413492551719
629 2.04503477721939
630 2.0257742941439
631 2.04341527314886
632 2.04165652503456
633 2.03746165908573
634 2.02856875014952
635 2.01618579282394
636 2.02033044305849
637 2.02579123817744
638 2.02695922242358
639 2.01963139953904
640 2.01193567780415
641 2.01195841834722
642 2.01119979038698
643 2.00104193087218
644 1.99244069644093
645 1.9881597504742
646 1.98090681932217
647 1.98789316981947
648 1.99119870270709
649 1.98131803937255
650 1.98427534721935
651 1.97576203479806
652 1.98319119445211
653 1.96080720860293
654 1.9667408307227
655 1.96784364254528
656 1.97083924362884
657 1.96061139547462
658 1.9561091305477
659 1.94680840734298
660 1.95746595009259
661 1.94803673708163
662 1.93217288567444
663 1.93686504196697
664 1.93663958343133
665 1.94191622358955
666 1.92198475535328
667 1.93182568362014
668 1.92905652996367
669 1.92994832619744
670 1.9102916285765
671 1.90911748159721
672 1.91969255063526
673 1.91258317719965
674 1.89570275347079
675 1.89736697370953
676 1.90579135138449
677 1.9006534420779
678 1.8974504061334
679 1.89504860298076
680 1.88766208398633
681 1.89841503206769
682 1.88958767502336
683 1.89300708475125
684 1.8846642482862
685 1.88592103642209
686 1.88975053925505
687 1.87657381679678
688 1.85704656505701
689 1.87798934244112
690 1.8685442887372
691 1.8663869046384
692 1.86897012938399
693 1.85395199603959
694 1.84795461320652
695 1.85070839455908
696 1.84353930965064
697 1.8515352501338
698 1.84111131434651
699 1.84387189704926
700 1.8324307690639
701 1.83738758151383
702 1.83340228006371
703 1.8322368479962
704 1.840378819191
705 1.83594984159573
706 1.83381412571254
707 1.82943961018511
708 1.81403439373109
709 1.81682632418911
710 1.81770218609753
711 1.8190283841173
712 1.81449159569515
713 1.80971667930281
714 1.81846186521347
715 1.80502807566322
716 1.80798227655951
717 1.80541300876903
718 1.80614036734674
719 1.79816032054609
720 1.79134190204508
721 1.79057342938945
722 1.79272049274693
723 1.79291439007469
724 1.7820395505897
725 1.78871340465034
726 1.78687383567571
727 1.77424454072164
728 1.78286488022905
729 1.7845945470642
730 1.77325498662661
731 1.76414744433544
732 1.76172438579841
733 1.75877685125559
734 1.76134413907118
735 1.758833422033
736 1.76261829291107
737 1.74957305117934
738 1.75437759502374
739 1.74584624872773
740 1.75209386271824
741 1.74276013606422
742 1.74941061132449
743 1.73265042212279
744 1.74259210732956
745 1.72876290820973
746 1.73495776074766
747 1.73799083737788
748 1.73724357357436
749 1.72183792729595
750 1.73008015590542
751 1.72241601936679
752 1.72633647740474
753 1.72708299545705
754 1.71625132189715
755 1.72583086786269
756 1.71770940258915
757 1.70489994535037
758 1.70890700054044
759 1.70975976796277
760 1.69390301870467
761 1.69678434575791
762 1.68783237946335
763 1.69723563204313
764 1.68907793451302
765 1.70243490772937
766 1.68443261834236
767 1.68091522121814
768 1.67079426313032
769 1.68672859709758
770 1.66614389649604
771 1.66959947855428
772 1.66340374522552
773 1.66985664806584
774 1.66249803545417
775 1.66771491937975
776 1.66896842733826
777 1.67267682145002
778 1.66322246874014
779 1.6643914645263
780 1.66015196353719
781 1.6567533653754
782 1.65480286967097
783 1.65270108001352
784 1.64393067250334
785 1.64887296229974
786 1.65039793412856
787 1.65104268161941
788 1.64537783396383
789 1.64131609294915
790 1.63619321032612
791 1.64145686302802
792 1.64362989778538
793 1.62730122021998
794 1.63092693060647
795 1.62284173848333
796 1.63373798310464
797 1.62763779121676
798 1.62008905221428
799 1.62039105784304
800 1.62157666750501
801 1.62029243921133
802 1.61214298325332
803 1.61911723108745
804 1.61417021260721
805 1.59824118719032
806 1.59794824390708
807 1.61192734849323
808 1.60753164660588
809 1.60290535416334
810 1.59180749022652
811 1.59833510947878
812 1.60233446824064
813 1.59568475004407
814 1.58324414127259
815 1.58867114261558
816 1.5823573365603
817 1.58935415679367
818 1.57842659864566
819 1.57673264588751
820 1.58263486680545
821 1.57847917226179
822 1.56981426023648
823 1.57254895707911
824 1.57217483331497
825 1.56272977417672
826 1.57428409413099
827 1.56469711301878
828 1.5628065397332
829 1.55829744773968
830 1.55730850912994
831 1.54565945696488
832 1.54588669265515
833 1.5415504991817
834 1.53936512507639
835 1.54109731647164
836 1.54078126847941
837 1.54313879413598
838 1.53926330943603
839 1.53922900596663
840 1.52911054749342
841 1.53449496944595
842 1.53588367379571
843 1.52808807490807
844 1.5261669815154
845 1.5319352678712
846 1.52376405615962
847 1.52454222270896
848 1.5236523969311
849 1.51916133337718
850 1.50987733541136
851 1.51994138887121
852 1.51849637841831
853 1.51454939090187
854 1.50892196777995
855 1.51079177496669
856 1.51413883180965
857 1.51217759666109
858 1.50553949870869
859 1.50468060389223
860 1.50889748867111
861 1.50101238350309
862 1.49989950258231
863 1.50189967041868
864 1.49772277864102
865 1.48817956310663
866 1.49745290409641
867 1.49229093385577
868 1.49174886667691
869 1.48942085939321
870 1.49133168005031
871 1.48839237630696
872 1.48772310426251
873 1.48512432956099
874 1.47901921110259
875 1.47713391216584
876 1.47861694180565
877 1.47606790707704
878 1.46847836574709
879 1.45767726170745
880 1.46251168142722
881 1.46483540870357
882 1.46833936832796
883 1.46351166148042
884 1.46058175622774
885 1.46687011193603
886 1.45535827464549
887 1.46093221605978
888 1.45739830287583
889 1.45051354375313
890 1.44600995337156
891 1.44584874756937
892 1.44953145254775
893 1.4500710212738
894 1.44548481554922
895 1.44779037941287
896 1.44395210208273
897 1.44521140006338
898 1.44452911421869
899 1.43707734207557
900 1.44428164979619
901 1.43553929907061
902 1.43750932559001
903 1.43136124247278
904 1.43169471015049
905 1.43191062785946
906 1.42364011289757
907 1.42461860417396
908 1.42179875596965
909 1.41781850321757
910 1.42096846333432
911 1.41216480301734
912 1.42792979229001
913 1.41797043319128
914 1.41944593562523
915 1.41456025848857
916 1.40892152784713
917 1.41577076784754
918 1.41755466356429
919 1.41335678059659
920 1.41145033355161
921 1.405211945343
922 1.39741676541832
923 1.40844548365955
924 1.40744327615365
925 1.40300175716941
926 1.39665436024408
927 1.39571200722124
928 1.39465567538642
929 1.39281102566281
930 1.37670353135804
931 1.39129420603895
932 1.3942209155635
933 1.38772809399868
934 1.3843096877522
935 1.3877878898787
936 1.38376126715433
937 1.3808432335855
938 1.37834933557996
939 1.38244750629901
940 1.38000970858023
941 1.37686965276156
942 1.37761920370371
943 1.37004786947551
944 1.37340903986263
945 1.36876664702785
946 1.37091230116932
947 1.36913933730574
948 1.36668963144803
949 1.36781211252587
950 1.35208889243826
951 1.3564167966421
952 1.36776851697897
953 1.36922889811666
954 1.36259089937448
955 1.358798731208
956 1.35559207927133
957 1.36249225070957
958 1.35405245998116
959 1.35968610581614
960 1.35438592827421
961 1.35371123798648
962 1.35252956846777
963 1.34734381194344
964 1.34470417085316
965 1.33538253732452
966 1.34482525553538
967 1.33655898043756
968 1.33887954880874
969 1.34037976648616
970 1.34181757623057
971 1.3325242983457
972 1.335532253322
973 1.33797293447718
974 1.32825720526435
975 1.33208450032441
976 1.3319029356687
977 1.32598667575439
978 1.32614547321627
979 1.3278708401317
980 1.32911136983285
981 1.3227646850285
982 1.32109320581075
983 1.32083503374833
984 1.32341912817248
985 1.32304136035413
986 1.31875951057827
987 1.31273942698401
988 1.30770039748813
989 1.30652590972907
990 1.3107223291392
991 1.30607837349048
992 1.30204497476802
993 1.30112843528265
994 1.30348571437485
995 1.30644135455778
996 1.29645685039797
997 1.30276549660794
998 1.30063680693041
999 1.29619395885049
