99 8.99949442469641
0 6.4411761642846
1 7.15322538172655
2 8.00659305714061
3 7.37539193506443
4 7.90375994503118
5 8.4226648922661
6 7.55813531214142
7 8.0080104178005
8 8.31226838567654
9 7.21970565905538
10 8.35003483850152
11 7.86486704927814
12 7.95626496209089
13 7.89741442184291
14 8.00436729116079
15 7.95856067455167
16 7.98824964345042
17 7.7921637260567
18 8.11774904961913
19 7.46432556059444
20 8.39911495299483
21 7.35137111591026
22 8.29328145740668
23 8.10482702231641
24 7.91888561486454
25 7.73356607081435
26 7.82183398288376
27 8.27857843873458
28 8.37655832719029
29 7.29865413736403
30 8.17912930706194
31 7.83875112248793
32 8.12859207804297
33 8.3762782415959
34 7.40052666845495
35 8.00560822842434
36 7.95053926621797
37 8.05077056356009
38 7.32747339423124
39 8.19074124452657
40 8.84083648572496
41 8.37548679660559
42 9.15423510024512
43 8.28100444001203
44 8.15323402115134
45 8.54885171241622
46 7.97909924219283
47 8.78064597165248
48 7.8696784392209
49 8.44253669048947
50 9.01112542544819
51 9.16156512641172
52 9.15492179189553
53 8.84649187951009
54 9.1496735521721
55 8.8624295405332
56 8.77915596736399
57 9.07322149116718
58 8.96976985287027
59 8.77345130956113
60 9.07090443073043
61 9.09004319205539
62 9.20189533351747
63 9.11246269527002
64 9.08218510857372
65 9.19438868363705
66 9.10148051392856
67 8.29805024442438
68 9.18609717101031
69 8.50989076833119
70 8.89718422267446
71 9.16080154541799
72 8.86892301081513
73 8.8613692602459
74 8.0557937933947
75 8.77249164665526
76 8.44727078753549
77 8.58011862284636
78 8.85525357245645
79 8.84252748763478
80 8.79091298847834
81 9.07853821001358
82 8.81918356338129
83 8.59628720290269
84 8.21213629015906
85 8.97162376889514
86 8.25948693789995
87 9.07844786558007
88 8.3666897297598
89 8.1520810565192
90 8.70642357976846
91 9.21132593407714
92 8.36622168570138
93 8.37958790920907
94 9.09433996120622
95 8.80813176728361
96 8.90096836257295
97 8.37203950799768
98 8.98472442985707
99 8.99949442469641
100 8.42649192112589
101 8.73903450563902
102 8.73064251791418
103 8.51541205629145
104 8.57850161386
105 8.5764800336688
106 8.43670048393095
107 8.40410884606713
108 8.36945046441226
109 8.03600265407428
110 8.13832108803464
111 8.19748607039545
112 8.00875092470772
113 7.95549481570291
114 7.90402530025351
115 7.87555280007315
116 7.74852441031267
117 7.78457869210396
118 7.63462472035236
119 7.63910674029738
120 7.63895215542578
121 7.43175311716483
122 7.42487334935692
123 7.36240222075043
124 7.30949722401184
125 7.22013706463248
126 7.22963054440943
127 7.15551875458401
128 7.14279077733645
129 7.16264061118951
130 7.04190642640251
131 6.99533459433668
132 7.01856485267072
133 6.88964976871519
134 6.82387099351997
135 6.81980699625043
136 6.7331203463163
137 6.69693958438426
138 6.71677714237331
139 6.59394696729767
140 6.56557848388657
141 6.55970559755332
142 6.48183526857263
143 6.45645322774624
144 6.48130108313474
145 6.33730935639948
146 6.30514339347097
147 6.31924681922327
148 6.17700992745618
149 6.21027756893699
150 6.2159452807845
151 6.12450812166744
152 6.09947972299215
153 6.12264747951974
154 5.98957131648068
155 5.9703356807883
156 5.96515330670604
157 5.91082311517449
158 5.87424827359284
159 5.83905528064357
160 5.8086707470715
161 5.77458882337647
162 5.76609892886424
163 5.68355264606116
164 5.69397133277923
165 5.66242824987285
166 5.62084590547285
167 5.57240390546941
168 5.55347543545511
169 5.52647349409615
170 5.47834834886531
171 5.49973589754694
172 5.42110743458123
173 5.36892213065892
174 5.41830891269582
175 5.34725710598026
176 5.32420357327774
177 5.29261632452651
178 5.24534508528344
179 5.22427379060545
180 5.24600792078354
181 5.15688096787783
182 5.14886414945253
183 5.15398477887219
184 5.12492680554591
185 5.08960842596296
186 5.08833711868529
187 5.04306895182906
188 4.9917515537625
189 5.01226085180847
190 4.95064396576858
191 4.88911857267313
192 4.94646764538023
193 4.89637265375907
194 4.85918806045037
195 4.83451964218234
196 4.80708213783575
197 4.79342904975086
198 4.77265961865839
199 4.7423012988739
200 4.71891928030818
201 4.70449254968993
202 4.67957266666387
203 4.63971767646514
204 4.67124606825485
205 4.62664118669595
206 4.58593643963424
207 4.61245923764146
208 4.53378218456532
209 4.54379445478475
210 4.53695650218857
211 4.49730840792998
212 4.47269526643102
213 4.48125172846911
214 4.43390275263997
215 4.44581551811823
216 4.43172763476826
217 4.38615935937197
218 4.37105028937676
219 4.34947452583842
220 4.31789958869292
221 4.30177505003958
222 4.2943658192722
223 4.27135249200846
224 4.24415092684995
225 4.23950707081566
226 4.21200617574178
227 4.17232524131401
228 4.18905213116173
229 4.14902606569959
230 4.13355776077069
231 4.11987446309921
232 4.09118468948273
233 4.0827464729639
234 4.06856817461577
235 4.05382634745373
236 4.01671164654992
237 4.03742748592869
238 4.01531469025988
239 3.97906873373701
240 3.97837449086094
241 3.94486192183837
242 3.93979754755515
243 3.93210244197251
244 3.91322564301165
245 3.89176547426367
246 3.90525380401009
247 3.86560087333913
248 3.84811682759616
249 3.80859025603149
250 3.81172703024881
251 3.7922517826146
252 3.78342767212892
253 3.77233486912569
254 3.7612062538914
255 3.75770015881988
256 3.73754770598993
257 3.71230927265072
258 3.71316537582383
259 3.69762171307022
260 3.6808701362324
261 3.68207054132746
262 3.64482009340225
263 3.63591927789566
264 3.63285951633991
265 3.60248255278786
266 3.58944392928454
267 3.60078869749364
268 3.5560306540875
269 3.55342374902857
270 3.55004111439283
271 3.53809354594907
272 3.52902361890432
273 3.53903351325202
274 3.49951248918601
275 3.48121070591376
276 3.49394293400388
277 3.46276404847088
278 3.4533572707191
279 3.45704895026721
280 3.41481578966002
281 3.40387682138183
282 3.4208628055558
283 3.38703207091905
284 3.38294945187383
285 3.38332040144264
286 3.35000577444274
287 3.33010127639024
288 3.33956781044017
289 3.31352398114586
290 3.30176173739849
291 3.31014332996825
292 3.2977646504188
293 3.28269877661375
294 3.27751456741801
295 3.24726413038381
296 3.25659949987159
297 3.23816813063408
298 3.23132880698351
299 3.21729720865392
300 3.21780295720884
301 3.20264125166933
302 3.18972934393866
303 3.18592225888114
304 3.16564935664121
305 3.17072099789595
306 3.16102092752195
307 3.14798583765547
308 3.11700224769751
309 3.1253248139161
310 3.10742576018157
311 3.09486480950807
312 3.09677352011176
313 3.08710369575412
314 3.07147272693655
315 3.07070500521727
316 3.04967792638452
317 3.03711652804486
318 3.03109723287213
319 3.01442629503431
320 3.0193687576444
321 3.00530851474829
322 2.99642409993076
323 2.98967015777568
324 2.98686398092957
325 2.969328572307
326 2.96403225237431
327 2.96166300786576
328 2.9508809844122
329 2.93596470805596
330 2.93611865242851
331 2.92678715053993
332 2.91139430708298
333 2.90541836339248
334 2.66701974182068
335 2.88396551214971
336 2.87650879098496
337 2.87544339007492
338 2.8514506472678
339 2.85019296253665
340 2.8420183789052
341 2.83891476696583
342 2.83362310692684
343 2.81132439456537
344 2.80658491814038
345 2.80522580853797
346 2.78713212810181
347 2.78159168311555
348 2.78409767886255
349 2.76837670911838
350 2.76585224171719
351 2.75483262945366
352 2.72751782254398
353 2.74148764191688
354 2.73694274898401
355 2.71766856982502
356 2.71320103454134
357 2.70867846028978
358 2.69286740146147
359 2.68741502643115
360 2.68811570372414
361 2.67910473293185
362 2.67697268391178
363 2.66627520833965
364 2.65732971074131
365 2.64333123641896
366 2.65142113081578
367 2.63118010636907
368 2.62706839800794
369 2.62301627863079
370 2.62585815609131
371 2.60058951683423
372 2.60630778676219
373 2.58589630501273
374 2.59292275942103
375 2.58258190035578
376 2.57713634912317
377 2.55988014290589
378 2.55756096078314
379 2.55721110724723
380 2.55406607180328
381 2.54042767555271
382 2.54047012245941
383 2.53055371862313
384 2.52769178242127
385 2.52126164821325
386 2.51295338452693
387 2.50876501821983
388 2.49812446282826
389 2.49095509833739
390 2.49252406190037
391 2.47801068101788
392 2.47069013001485
393 2.45814655996062
394 2.45753486376242
395 2.44705889348135
396 2.44255184062294
397 2.44201281133836
398 2.42919626428696
399 2.42879151564338
400 2.42240131549031
401 2.41841167216639
402 2.42345093125231
403 2.40863040256589
404 2.40181632479468
405 2.39961799212464
406 2.39016959965626
407 2.38124866266546
408 2.38383290828617
409 2.37272567377319
410 2.36685185547127
411 2.36924329842512
412 2.36101784235976
413 2.34659782821395
414 2.35077917852089
415 2.34204465060074
416 2.33686098944944
417 2.33711078367387
418 2.32478551926517
419 2.32169687816614
420 2.31350876210107
421 2.30771249601901
422 2.30740581747045
423 2.30308151687561
424 2.29315592609589
425 2.28743807981481
426 2.28232670666967
427 2.2799242229311
428 2.26363486695798
429 2.26230255809042
430 2.26547412042558
431 2.25253086211452
432 2.25578043647985
433 2.24097605785178
434 2.24373160955991
435 2.2401904650428
436 2.23041634811752
437 2.22299609625125
438 2.2259602016382
439 2.2249330623383
440 2.21180103468635
441 2.20088664660023
442 2.20161289787369
443 2.19228212711089
444 2.19808563730426
445 2.18831669763846
446 2.18311265346991
447 2.18172340163228
448 2.16862598848282
449 2.16591779704421
450 2.16860485248238
451 2.15869529748987
452 2.15340751334482
453 2.15145712739822
454 2.14302187310329
455 2.13886606762393
456 2.13408040739258
457 2.12393059756469
458 2.12143571507429
459 2.11131652809843
460 2.11171060069054
461 2.10509988019903
462 2.10633941203638
463 2.09848066007632
464 2.08633536931582
465 2.08645318877933
466 2.08330915688344
467 2.08006371917778
468 2.07475939099201
469 2.07189788040439
470 2.06820735295257
471 2.05971798107126
472 2.05951923482488
473 2.05054761581071
474 2.05356634866456
475 2.03715523349053
476 2.04307086887502
477 2.04429891433929
478 2.03566139332375
479 2.02425135185275
480 2.02290651992807
481 2.01761685315503
482 2.01924021346789
483 2.01610636962052
484 2.00528973429809
485 2.00010293470235
486 2.00627489801266
487 1.99711614862817
488 1.98996596121786
489 1.99307056579668
490 1.98316072876518
491 1.98330627553331
492 1.97686956344613
493 1.97104555136485
494 1.97193138391253
495 1.9545665291242
496 1.95938308326742
497 1.9564120761993
498 1.94899877487333
499 1.95188102744602
500 1.937329898892
501 1.94545542657718
502 1.93499782166438
503 1.93687073050555
504 1.92758890138774
505 1.92703155179979
506 1.9169772816499
507 1.91832175293386
508 1.91127012597319
509 1.90387621699987
510 1.90889307728
511 1.90058381710452
512 1.89543091804675
513 1.88597298815759
514 1.88875063784727
515 1.88470837582286
516 1.88083391901207
517 1.88069426737378
518 1.87273872155823
519 1.87243416669154
520 1.87103342752044
521 1.86814615388199
522 1.8672466867882
523 1.85623911035431
524 1.84821134675192
525 1.85721420236267
526 1.85514481685101
527 1.84740560073624
528 1.84447782431423
529 1.83963389176446
530 1.83791633749524
531 1.8312167015096
532 1.83487957842707
533 1.82379067532328
534 1.82242139312833
535 1.82512550197037
536 1.8237812259992
537 1.8204407324414
538 1.81536346142481
539 1.81073906172125
540 1.80565787841204
541 1.80504890922854
542 1.80394010132166
543 1.8045127765937
544 1.79529062658597
545 1.79076976258305
546 1.78949233288666
547 1.78577826561536
548 1.77914817238518
549 1.77414048099291
550 1.77514993529001
551 1.77387752508114
552 1.77276940788048
553 1.76933592233838
554 1.7622902552269
555 1.76058342997613
556 1.76103303429058
557 1.75577994076034
558 1.75351306193406
559 1.75348416053607
560 1.7421160493437
561 1.74393896758669
562 1.73290464294529
563 1.73267013946406
564 1.73133112103918
565 1.73410764194297
566 1.72619841099619
567 1.72592043969416
568 1.72200471303492
569 1.71611483696241
570 1.71534922361759
571 1.70536236034556
572 1.70809194102779
573 1.70635749158407
574 1.70311788880452
575 1.69834739034112
576 1.69240043986019
577 1.69896992903451
578 1.68752167437627
579 1.69170950370844
580 1.68734178727254
581 1.68182465588591
582 1.68571757086686
583 1.68241838349592
584 1.67256452976542
585 1.67190268838854
586 1.6707842672271
587 1.66136505294099
588 1.66082814136275
589 1.66248185209374
590 1.66019957289171
591 1.65903142759694
592 1.65273104624479
593 1.6513771639735
594 1.64469082510624
595 1.64527197169617
596 1.6410299513016
597 1.64153343535435
598 1.63559145557794
599 1.63312151438647
600 1.63272318011314
601 1.62502174279175
602 1.6256625757912
603 1.62449656236581
604 1.62178746778109
605 1.61749121914852
606 1.6157274279383
607 1.61143334370547
608 1.61070764450992
609 1.60977483213457
610 1.60782648512629
611 1.60130982773789
612 1.60233967483039
613 1.59658006364876
614 1.59671496436306
615 1.59113353618611
616 1.58346636997218
617 1.58481743453225
618 1.58561223595185
619 1.57848720654712
620 1.58210686057727
621 1.57481114991214
622 1.57178373624344
623 1.56761350647
624 1.56245639300445
625 1.56390231342152
626 1.55339732396658
627 1.55613375515351
628 1.54578968751713
629 1.54558340653599
630 1.54419179519734
631 1.53728965971796
632 1.53663665375883
633 1.54108271610703
634 1.53577033907805
635 1.53503689060531
636 1.53432850656488
637 1.5231724168733
638 1.53205110325908
639 1.52858016546235
640 1.5279872123349
641 1.52377521237774
642 1.52206561623607
643 1.51897651373663
644 1.51122482426002
645 1.51453489112092
646 1.50928225817437
647 1.49751837144091
648 1.50512888403927
649 1.50190267876751
650 1.49955651528847
651 1.49748455139395
652 1.4999629027594
653 1.49281065662451
654 1.49507503652704
655 1.49454345259363
656 1.4872687236406
657 1.48839850788012
658 1.48192442333792
659 1.48176525927439
660 1.48395289927908
661 1.47442798267069
662 1.47747997805936
663 1.47023058479467
664 1.46914509964963
665 1.46855351843123
666 1.46468883017574
667 1.46487294489359
668 1.45916043581961
669 1.46126987294959
670 1.45936674176143
671 1.45409249934988
672 1.45308106211374
673 1.44817740832665
674 1.44743959301797
675 1.44895941324717
676 1.44425249707665
677 1.43776523767492
678 1.43843071441566
679 1.43656328960689
680 1.43340144864127
681 1.43384683081643
682 1.42988265379513
683 1.42884322723542
684 1.43224279633411
685 1.42711809203803
686 1.42475541770829
687 1.42263772877691
688 1.42319262952891
689 1.41526864083851
690 1.41930163851396
691 1.41433048289683
692 1.41813793730968
693 1.41210099372883
694 1.41041206446882
695 1.41105005455339
696 1.40306384762565
697 1.40205872302195
698 1.40131564041466
699 1.40246241466465
700 1.39784063404067
701 1.39936144799131
702 1.39026490510627
703 1.38657928689887
704 1.38858146904272
705 1.38831255175906
706 1.3820296750398
707 1.38365912717803
708 1.38376494027681
709 1.37686560054303
710 1.38045815693067
711 1.37707636486153
712 1.37892102041205
713 1.37304957241318
714 1.37070014130697
715 1.37107421164613
716 1.36941156656149
717 1.36497532041664
718 1.36119199104053
719 1.36137431577389
720 1.36101147487893
721 1.35528996264584
722 1.35948250468547
723 1.35627210755912
724 1.35343017176172
725 1.34928564570438
726 1.35075085228344
727 1.34423655596939
728 1.3439897033185
729 1.33959480475085
730 1.33669513599198
731 1.33520031683859
732 1.3364334246592
733 1.32971691797591
734 1.33347022120547
735 1.33370979591271
736 1.32890386782656
737 1.32787114615747
738 1.32843458541706
739 1.32273116956475
740 1.31958179152925
741 1.31884004334954
742 1.31651009914652
743 1.31271342232752
744 1.31426498752834
745 1.31171099835931
746 1.30820635463944
747 1.30923994015578
748 1.30856454449595
749 1.30490870938981
750 1.30393986213765
751 1.30056523390844
752 1.29812693172009
753 1.29481459900752
754 1.29588512155283
755 1.29857490320214
756 1.29399223349982
757 1.2918113438013
758 1.28958354306488
759 1.28664628838821
760 1.28867347435585
761 1.28800519921973
762 1.28391392157817
763 1.28153902369922
764 1.27583298021755
765 1.27914496030702
766 1.27369666881701
767 1.27652098044166
768 1.27259204151283
769 1.26924858187474
770 1.27077617449336
771 1.27012794898748
772 1.26530616632277
773 1.26308294371684
774 1.2657645647933
775 1.26001080077429
776 1.25810681403458
777 1.25876754509381
778 1.25590814854307
779 1.25284025471891
780 1.25148703489398
781 1.2496175601298
782 1.25060789343326
783 1.24786478602288
784 1.24484692891558
785 1.24620509839569
786 1.24277789835876
787 1.2443597748476
788 1.24254872045043
789 1.23973771437276
790 1.23672741541569
791 1.23559965168518
792 1.23332435545412
793 1.23563909209739
794 1.22688610202099
795 1.22919316374105
796 1.23094794416694
797 1.22459816371168
798 1.22325916903077
799 1.22678334350245
800 1.22067182333083
801 1.21837405799039
802 1.21931457386849
803 1.21764932375654
804 1.21869342119167
805 1.21558605833767
806 1.21446819792284
807 1.2118810809249
808 1.21191607002399
809 1.20803023126466
810 1.21278606685403
811 1.20573227736474
812 1.20685021788781
813 1.20591992481494
814 1.19967030873823
815 1.20052221406763
816 1.19996562979789
817 1.19593482779418
818 1.19382261834257
819 1.19678639290859
820 1.19081976647147
821 1.19360431933225
822 1.19041850092362
823 1.1877679434506
824 1.18826073214897
825 1.1872782416206
826 1.18251632370881
827 1.18179291006233
828 1.18267373864065
829 1.18180537455275
830 1.18303346419423
831 1.17988191598275
832 1.18001190628264
833 1.17908120189304
834 1.17489121321013
835 1.17429153533046
836 1.16859871419768
837 1.1697063142356
838 1.16942581018801
839 1.16821048682781
840 1.1669070162208
841 1.16560712133374
842 1.16081538876892
843 1.15889655709459
844 1.15910378003811
845 1.15570775141197
846 1.15813059364488
847 1.15181978812417
848 1.15314046259567
849 1.15302951348889
850 1.1508201114787
851 1.15349777024648
852 1.14751032769452
853 1.14367579813483
854 1.14512791063957
855 1.14497326578053
856 1.14232902010126
857 1.14269733466872
858 1.14249353933287
859 1.13703299599052
860 1.13506763980633
861 1.13677044439564
862 1.13121409294876
863 1.13279081355864
864 1.13112812592156
865 1.1285229045902
866 1.12582542131724
867 1.13390015416236
868 1.12837637541147
869 1.12755082634103
870 1.1269807850001
871 1.12611805105791
872 1.12343851764486
873 1.12250691836744
874 1.12185677991717
875 1.12153352118054
876 1.11776152676013
877 1.11868401673746
878 1.11584968311406
879 1.11726355861638
880 1.11448942671364
881 1.11142076102792
882 1.11242785846793
883 1.10958620657151
884 1.11132482442792
885 1.10684751547804
886 1.10792706473135
887 1.10435844290278
888 1.10308856078968
889 1.10242999548094
890 1.10081292443187
891 1.10307428918557
892 1.09966605831312
893 1.09820283531777
894 1.09697270633184
895 1.09224848134155
896 1.09251017641461
897 1.09160462077841
898 1.09241610305012
899 1.09386830826815
900 1.08980035982406
901 1.08889047261655
902 1.08611022591487
903 1.08568741695239
904 1.08338514902682
905 1.08643583205
906 1.08370824336674
907 1.08175443343755
908 1.08061508449881
909 1.07750741802612
910 1.07991242805522
911 1.07533005325833
912 1.07287716462808
913 1.06963683478664
914 1.06969610671215
915 1.07316010290988
916 1.06528174023764
917 1.065781721233
918 1.07060454815025
919 1.06594952725884
920 1.06469880246794
921 1.06464835575698
922 1.06110337736851
923 1.06107879657734
924 1.05983756063822
925 1.05652611280126
926 1.05850868004348
927 1.05945195507934
928 1.05485091109682
929 1.05578251297384
930 1.0530503054106
931 1.0526337196516
932 1.0542265055975
933 1.04851341430025
934 1.04756702321089
935 1.03917117659163
936 1.04429918599047
937 1.04516508507048
938 1.04140680984916
939 1.04160903701781
940 1.0362086046844
941 1.03756845251607
942 1.03599834104884
943 1.03392746610902
944 1.0316959488714
945 1.03345470427066
946 1.02918377059388
947 1.03000059500684
948 1.02925775564774
949 1.02583206880555
950 1.02869014483458
951 1.02621870249027
952 1.02342096384687
953 1.02314151430969
954 1.02302079449046
955 1.02476976562388
956 1.02328857549763
957 1.02024838111087
958 1.01892949469393
959 1.01774725591122
960 1.01703505608901
961 1.01657521493361
962 1.01598263462114
963 1.0130241787157
964 1.01409705182323
965 1.01010379776128
966 1.01076125199565
967 1.00806622672805
968 1.00860088295554
969 1.00599901069907
970 1.00490178484503
971 1.00670140563625
972 1.00447723431795
973 1.0012266349205
974 0.999549872857503
975 1.0023079808546
976 0.995552886110655
977 1.00091313945717
978 0.996182717739608
979 0.994988894921286
980 0.994379728574969
981 0.996120480933812
982 0.989727770977365
983 0.993998486989416
984 0.99242822300258
985 0.990866383244822
986 0.990968536727302
987 0.989688839925671
988 0.989238505747126
989 0.984301539399839
990 0.987061002651474
991 0.986450355482452
992 0.981597938772452
993 0.983178538799933
994 0.981098475389834
995 0.980096561720092
996 0.97832037294268
997 0.979466393682376
998 0.977287138193017
999 0.977391380058477
